Uniques	Duplicates	X1	M1	S1
10	1	0	0.141	9.1858056
10	2	0	0.099	1.7588446
10	3	0	0.129	2.6693588
10	4	0	0.1044	2.2708498
10	5	0	0.1872	2.4812414
20	1	0	0.139	9.6405202
20	10	0	0.2692	1.6576618
20	2	0	0.1428	2.1775992
20	3	0	0.1298	3.2091624
20	4	0	0.1488	2.7594952
20	5	0	0.2794	2.3812318
20	6	0	0.144	2.3647274
20	7	0	0.1488	1.8284702
20	8	0	0.155	2.8377034
20	9	0	0.1696	2.1379714
30	1	0.1	0.1916	10.4130032
30	10	1	0.1936	1.709084
30	11	1	0.2862	1.4111414
30	12	1	0.2356	1.5680074
30	13	1	0.2086	1.3452238
30	14	1	0.2278	2.1595064
30	15	1	0.2496	2.022756
30	2	0	0.186	4.6080456
30	3	0	0.2078	2.761341
30	4	0	0.2322	4.0695776
30	5	0	0.2116	2.5710864
30	6	0	0.3216	2.6106104
30	7	0.5	0.2352	1.6792984
30	8	1	0.1898	1.4967994
30	9	1	0.1908	1.7884018
40	1	1.1	0.218	10.1259078
40	10	1	0.4056	2.0812522
40	11	1	0.378	1.6473666
40	12	1	0.2866	2.9057542
40	13	1	0.28	2.3863502
40	14	1.9	0.289	2.1261776
40	15	2	0.3312	2.2206698
40	16	2	0.3206	2.3759786
40	17	2	0.302	1.9962978
40	18	2	0.3544	2.3461328
40	19	2	0.3376	2.4622476
40	2	1	0.3042	4.8098592
40	20	2	0.3202	2.137568
40	3	1	0.2874	8.3921604
40	4	1	0.262	4.8744646
40	5	1	0.2564	2.7464184
40	6	1.2	0.2852	2.4272698
40	7	1	0.2846	1.4653868
40	8	1	0.3654	1.6397332
40	9	1	0.279	1.247642
50	1	1.2	0.359	12.1160372
50	10	2	0.4034	1.5253578
50	11	2	0.5056	1.473927
50	12	2	0.4176	1.8358936
50	13	2	0.4274	1.887313
50	15	2	0.4484	3.1502308
50	16	2	0.4334	2.2409454
50	17	2.9	0.438	2.6308556
50	18	3	0.4288	2.500341
50	2	1	0.3432	4.554221
50	20	3	0.4454	2.8351508
50	21	3	0.4252	2.4344772
50	22	3	0.6138	2.4223192
50	23	3	0.4402	2.1930596
50	25	3	0.5252	2.6735132
50	3	1	0.3916	3.7168792
50	5	1.9	0.3582	4.7235496
50	6	2	0.447	2.35803
50	7	2	0.3602	2.2810488
50	8	2	0.3698	1.91686
60	1	2.3	0.3858	11.1616832
60	10	3	0.4502	2.1938594
60	12	3	0.452	2.158256
60	13	3.5	0.4482	1.6824034
60	15	3.3	0.4834	2.4326476
60	16	3	0.476	2.2564958
60	18	3.9	0.5354	2.9664584
60	19	4	0.6448	5.4303438
60	21	4	0.5344	2.5377752
60	22	4	0.5312	2.2979092
60	24	4	0.5732	3.2610416
60	25	4.3	0.5462	2.9751472
60	27	5	0.6562	2.5249512
60	28	5	0.7204	2.8673564
60	3	2	2.0998	6.5199186
60	30	5.1	0.5894	2.6351876
60	4	2	0.4006	5.6309058
60	6	2.5	0.4586	3.4537974
60	7	3	0.5242	2.690163
60	9	3	0.4584	2.1567166
70	1	3.4	0.5598	13.0545134
70	10	4	0.5404	1.687005
70	12	4.1	0.5724	1.8686362
70	14	4.3	0.6646	1.7928706
70	15	4.4	0.7136	2.2644154
70	17	4.9	0.6804	3.0769716
70	19	5	0.677	2.731136
70	21	5	0.6728	3.188787
70	22	5	0.6466	2.569091
70	24	6.1	0.6464	2.9943272
70	26	6	0.7858	2.90556
70	28	6.4	0.6824	2.9232136
70	29	6.2	0.7952	2.439638
70	3	3	0.5026	5.1227052
70	31	6	0.8364	2.7962484
70	33	6.9	0.7852	2.9612908
70	35	7	0.7778	3.2637832
70	5	3.2	0.5374	5.6358896
70	7	3.9	0.5616	4.0016804
70	8	4	0.5976	2.6584848
80	10	5.1	0.7392	1.9411326
80	12	5.1	0.7474	2.0517152
80	14	5.9	0.7738	2.64395
80	16	6	0.8056	2.5687492
80	18	6	0.7858	2.2268286
80	2	4.5	0.632	15.1727596
80	20	6.2	0.8788	2.88678
80	22	6.9	0.9194	3.3703648
80	24	7	0.7904	3.4549816
80	26	7	0.8308	2.6518062
80	28	7.5	0.8382	2.9819512
80	30	8	0.9452	3.14567
80	32	8	0.8708	3.1557304
80	34	8.4	0.9474	3.1901984
80	36	8.9	0.9304	3.5455476
80	38	9	1.003	3.3367588
80	4	4	0.642	5.8727316
80	40	9	0.9868	3.2877096
80	6	4.7	0.6292	5.562026
80	8	5.2	0.7426	2.4363478
90	11	6.2	0.9396	2.1779782
90	13	6.9	1.0062	2.9315034
90	15	7.1	1.0238	3.569465
90	18	7.5	1.0098	3.5917742
90	2	5.7	0.74	16.8234076
90	20	8.1	0.9664	3.7345088
90	22	8	1.0106	4.0075568
90	24	8	1.1724	3.8783436
90	27	8.9	1.2108	3.6976224
90	29	9	1.1424	2.832657
90	31	9	1.2052	3.5365308
90	33	10.1	1.2274	4.1490752
90	36	10	1.2444	3.6039536
90	38	10.9	1.0906	3.5801716
90	4	5.2	0.871	8.5475426
90	40	12.2	1.12	3.4947256
90	42	11.1	1.3384	3.2782444
90	45	12	1.2408	3.5018228
90	6	5.9	0.8362	6.9827028
90	9	6	0.9854	3.3618252
100	10	8	0.9868	3.598088
100	12	8.2	1.0474	2.5860822
100	15	8.5	1.202	2.311623
100	17	9	1.0364	2.5311804
100	2	7.8	1.082	17.6444764
100	20	9	1.121	3.3225268
100	22	9.9	1.2788	3.5150922
100	25	10	1.4344	3.7253376
100	27	10.1	1.1772	4.14515
100	30	11	1.3412	3.790024
100	32	11	1.4052	3.4759044
100	35	12	1.918	3.7942724
100	37	12.1	1.2744	4.2134536
100	40	12.9	1.4648	4.0059228
100	42	13	1.34	7.321466
100	45	14.1	1.4418	3.5490776
100	47	14.2	1.5724	3.314284
100	5	7.1	0.9124	6.0169678
100	50	14.9	1.5338	3.4507564
100	7	7.2	0.9508	5.650336
110	11	9.2	1.6218	2.695472
110	13	9.9	1.6548	3.1454716
110	16	10	1.4336	2.3013004
110	19	10.9	2.0952	2.5145828
110	2	8.7	1.3828	17.3962094
110	22	11	1.3496	7.0328996
110	24	11.9	1.5876	3.1987658
110	27	12.2	1.771	3.8535214
110	30	12.9	1.3996	3.6594356
110	33	13.9	2.3488	3.5809112
110	35	14	2.031	3.9148436
110	38	14.4	1.9082	3.654905
110	41	14.9	1.7572	3.9349126
110	44	15.9	1.669	4.5318984
110	46	16.2	1.9658	4.1790304
110	49	16.7	2.429	4.3285068
110	5	8.5	1.5474	8.3297632
110	52	17.4	1.9388	4.2074932
110	55	17.9	1.767	3.7698862
110	8	9	1.116	5.9715454
120	12	11.2	2.2462	3.2891982
120	15	11.9	2.1894	3.422906
120	18	12.4	2.0606	2.4261582
120	21	12.9	2.1412	4.6113554
120	24	13.9	1.891	3.0867078
120	27	14	1.5852	3.5610376
120	3	10.8	1.7478	19.7714498
120	30	14.9	2.3348	4.402256
120	33	15.2	2.558	4.0329974
120	36	16.1	1.6514	3.7659222
120	39	16.9	3.162	4.1140152
120	42	17.2	2.4538	4.3421004
120	45	18.5	2.5832	4.5447812
120	48	17.1	1.98	4.6267896
120	51	19.4	2.8536	4.309623
120	54	19.9	2.4686	4.7822776
120	57	20.9	3.3876	4.5383412
120	6	10	1.8982	8.6516782
120	60	21.4	2.2962	4.148668
120	9	10.9	1.6828	5.4327858
130	13	13.3	1.7148	4.1274088
130	16	14	1.6454	3.6061274
130	19	14.8	2.0532	3.1553538
130	22	15.3	1.7194	3.3146808
130	26	16.1	2.084	3.0076104
130	29	16.9	1.9354	3.2812258
130	3	12.1	1.4832	22.0922088
130	32	17.2	1.9176	4.4019502
130	35	17.9	1.9558	3.5306776
130	39	19.1	2.4682	4.2147746
130	42	19.7	2.0104	4.2705634
130	45	20.5	3.0712	5.362648
130	48	21	2.3498	4.7622464
130	52	22.1	2.2738	4.6479592
130	55	22.9	2.196	4.5898064
130	58	23.8	2.282	4.7510656
130	6	12	2.027	7.1114502
130	61	23.9	2.6418	4.1425822
130	65	24.8	2.6986	5.034776
130	9	12.9	1.5448	3.9297362
140	10	15.1	1.965	3.5234458
140	14	15.7	1.8288	3.7156442
140	17	16.2	1.8972	3.0900768
140	21	17.3	2.181	4.9935536
140	24	18.1	2.0204	3.5592668
140	28	18.9	2.1056	5.1397916
140	3	14.5	1.7818	20.9440754
140	31	19	2.3052	4.035507
140	35	20.1	2.273	4.5773136
140	38	21.1	2.1728	4.7483288
140	42	21.7	2.3722	5.4389278
140	45	23.5	2.4446	4.0598412
140	49	24.2	2.5524	5.2482716
140	52	25.1	2.8946	5.6429116
140	56	25.8	2.5206	6.2679296
140	59	26	2.6196	5.3902136
140	63	27.1	2.843	5.319061
140	66	27.9	3.223	5.0181416
140	7	13.9	1.7726	6.5365062
140	70	29.3	3.3272	4.3952568
150	11	17.1	2.2802	4.6667466
150	15	18.1	2.2218	3.5041146
150	18	18.9	2.0976	3.1790152
150	22	19.7	2.4854	3.0813518
150	26	20.9	3.0402	3.5493796
150	3	16.6	1.9728	21.0996508
150	30	21.9	2.32	4.2195372
150	33	22.6	2.4042	4.8200016
150	37	23.7	2.5186	5.3947864
150	41	24.1	2.4942	4.7854302
150	45	24.9	2.7766	5.7435836
150	48	25.9	3.4368	5.7122144
150	52	27.1	2.7916	4.5104994
150	56	27.9	2.7694	5.7297736
150	60	29.5	3.0278	5.5362884
150	63	30.5	2.8592	5.6142208
150	67	31.5	3.1072	5.4018484
150	7	16.1	2.0628	7.6943174
150	71	32.1	3.2698	5.0527856
150	75	33.8	3.1332	10.0152496
160	12	19.9	2.5228	4.5057446
160	16	20.4	2.3268	5.2793942
160	20	21.1	2.6998	3.914506
160	24	22.1	2.5486	4.4660968
160	28	23.1	2.6536	4.6050042
160	32	24.2	2.6262	4.4810758
160	36	25.7	3.0902	8.2806294
160	4	19.6	2.1772	23.1884606
160	40	26.9	2.7296	5.8504208
160	44	28	3.1162	5.3768466
160	48	29.1	2.9744	6.4401624
160	52	30.6	2.9714	5.9382276
160	56	30.9	3.2948	6.2175224
160	60	32.3	3.1088	5.346644
160	64	33.4	3.3042	5.3544766
160	68	35.1	3.4474	5.7469232
160	72	36.1	3.3716	11.1400252
160	76	36.9	3.4698	5.8804456
160	8	18.9	2.2908	7.0097016
160	80	38.8	4.0628	4.5533134
170	12	22	3.1526	5.3528122
170	17	23.5	3.386	4.9904216
170	21	24	3.4222	4.6803034
170	25	24.9	3.2456	4.1977868
170	29	26.3	3.026	3.6084252
170	34	27.8	3.2788	4.3912616
170	38	28.9	3.4834	5.1754554
170	4	21.9	2.5776	21.8502622
170	42	30.2	4.1816	6.5735498
170	46	31	3.7164	6.0785098
170	51	32.3	3.3122	6.509398
170	55	34.6	3.7772	5.9481706
170	59	35.1	3.5066	5.5868992
170	63	36.2	3.4954	5.686392
170	68	38.1	4.2134	6.12664
170	72	38.9	3.7574	14.5502396
170	76	40.2	3.7872	4.889461
170	8	20.9	3.364	8.072111
170	80	42.1	4.3774	4.5250318
170	85	43.4	6.0108	3.6129944
180	13	24.9	3.624	4.476135
180	18	25.9	3.2666	3.8534286
180	22	27.1	4.6332	4.263503
180	27	28.3	3.7598	4.5272006
180	31	29.9	3.3696	3.7262292
180	36	31.2	3.4858	4.1183722
180	4	24.4	3.0934	22.8966764
180	40	32.3	3.6388	5.951888
180	45	33.8	3.7906	5.4538748
180	49	35.9	4.8368	5.7324288
180	54	36.4	4.4796	6.3684606
180	58	38.1	4.4354	5.7094564
180	63	39.1	5.2652	7.1419924
180	67	41	4.1432	5.6888248
180	72	42.7	4.4816	12.2750918
180	76	44.1	4.5294	7.7391904
180	81	45.7	4.2432	5.327093
180	85	46.9	4.6302	4.8174302
180	9	23.8	3.9376	13.8336252
180	90	48.8	4.5152	6.9859854
190	14	27.9	3.238	4.2790082
190	19	28.9	3.342	4.721393
190	23	29.9	3.8542	4.7007758
190	28	31.8	4.325	3.759813
190	33	33.9	4.0548	3.7932432
190	38	35.4	4.4728	3.748411
190	4	27.4	3.041	22.203261
190	42	35.9	4.1508	4.8440118
190	47	37.1	4.5604	7.5805176
190	52	38.8	4.2534	7.3119044
190	57	40.8	5.2546	7.4822544
190	61	42.8	5.419	6.4940418
190	66	47	4.9626	6.9482524
190	71	45.7	4.6164	6.8197252
190	76	47	5.036	5.7749358
190	80	49.1	5.434	5.6153748
190	85	50.7	4.874	5.9070068
190	9	26.6	3.366	8.6591046
190	90	52.6	5.232	5.6712456
190	95	54.8	6.0466	5.3765024
200	10	29.9	4.2564	6.7789526
200	100	60.5	6.2768	7.2503332
200	15	30.9	4.1796	6.0626796
200	20	32	4.9348	4.128001
200	25	33.9	4.5222	5.2196036
200	30	35.4	4.5598	6.7657084
200	35	37.7	5.0628	5.9957914
200	40	38.3	4.8334	5.2579296
200	45	39.8	5.194	5.1716876
200	5	31.1	3.7638	24.2830296
200	50	41.8	5.9344	6.7671292
200	55	43.5	4.8066	10.3235082
200	60	45	4.8456	7.5604012
200	65	46.8	4.759	6.7425784
200	70	48.8	5.9816	11.4624596
200	75	51.3	5.8396	6.3573432
200	80	52.8	5.9672	6.2810924
200	85	55.3	5.6038	6.4717436
200	90	56.6	5.2992	6.7408016
200	95	58.6	5.699	6.6389668
210	10	32.1	4.0698	7.762231
210	105	66.6	6.4794	8.1474476
210	15	34.4	4.6856	5.8382414
210	21	35.3	4.6258	4.4189964
210	26	36.8	4.749	6.1193114
210	31	38.6	5.2434	5.8650554
210	36	40.2	4.4572	5.4304338
210	42	44.8	4.962	4.777347
210	47	44.3	4.7508	6.3368718
210	5	33.9	4.2016	22.2999438
210	52	46.5	4.8192	6.414925
210	57	47.3	5.664	8.255364
210	63	50.1	5.522	8.246978
210	68	51.7	6.0032	9.7808698
210	73	53.6	7.4028	9.2343208
210	78	55.8	6.2614	5.4180104
210	84	58.2	6.0282	5.7495304
210	89	59.9	6.5236	6.2556398
210	94	61.9	6.1852	7.829406
210	99	64.8	6.3338	7.64417
220	104	70.5	6.5866	8.3189624
220	11	35.8	4.7506	5.6225488
220	110	73	7.1142	8.6604728
220	16	37	4.7172	4.8109436
220	22	38.8	4.8254	6.4886164
220	27	40.9	4.6794	4.3408912
220	33	42.9	4.5924	6.2374018
220	38	45	4.912	4.576572
220	44	47	5.4094	5.0950302
220	49	48.2	5.104	4.6304066
220	5	38.1	4.9974	24.8920434
220	55	50.8	5.9204	7.9668896
220	60	53.2	7.597	6.9873554
220	66	57.2	6.4526	17.0373352
220	71	57	6.334	6.7248884
220	77	59.8	6.3962	8.6302348
220	82	61.2	6.2998	7.564294
220	88	63.7	7.5154	7.7482172
220	93	66	7.6076	8.7831588
220	99	68.4	7.2112	8.511914
230	103	74.8	8.4674	8.2464196
230	109	76.9	7.428	8.4604296
230	11	38.8	5.1808	9.9298278
230	115	80.6	8.3988	9.3979052
230	17	40.8	6.4794	6.0806282
230	23	42.9	5.9064	6.7319486
230	28	45.5	7.3036	7.3844146
230	34	46.8	5.3776	6.368226
230	40	48.8	6.225	6.0768846
230	46	50.9	5.6352	6.3411906
230	5	40.8	5.1056	22.3622902
230	51	53.2	5.6718	7.8219844
230	57	54.9	6.4294	11.826226
230	63	57.3	6.5726	7.2076238
230	69	60.3	7.182	8.797474
230	74	63.2	6.8622	6.1420738
230	80	65.5	7.6322	8.0925924
230	86	69.3	8.525	7.4296696
230	92	69.7	7.7334	7.687576
230	97	72.2	7.1862	8.3053892
240	102	82.2	7.6178	8.7916
240	108	85.3	9.0722	9.4086664
240	114	88.3	9.4398	9.7401876
240	12	42.1	5.5956	7.1559824
240	120	91	8.5372	9.28615
240	18	43.9	5.9066	6.1386176
240	24	47.1	5.6256	9.2926344
240	30	49.9	6.9908	7.4223334
240	36	51.3	6.1374	5.6409504
240	42	53.8	6.046	4.5429648
240	48	55.5	6.5224	5.5735962
240	54	58.1	7.1242	5.7427382
240	6	45	4.896	26.1737992
240	60	60.6	7.3592	8.4206202
240	66	63.1	6.8408	9.6803062
240	72	65.1	6.933	7.6655618
240	78	68	7.232	7.470522
240	84	70.8	7.9668	7.9297692
240	90	74.8	7.9272	7.8935076
240	96	71	10.0628	8.3489004
250	100	82.4	9.371	9.3625168
250	106	84.8	8.3698	12.2743076
250	112	88.4	8.5944	9.5028276
250	118	91	9.4352	10.002364
250	12	47.5	6.4012	7.643401
250	125	99.2	12.1422	9.0191102
250	18	49.4	6.3068	5.4831686
250	25	52.6	6.7052	5.421494
250	31	55.3	6.0634	6.282616
250	37	57.3	7.6306	7.0791738
250	43	59.9	7.7024	6.5132372
250	50	63.5	6.902	7.144199
250	56	66	7.3826	8.398125
250	6	50.9	6.4582	23.586739
250	62	67.9	6.9646	10.513834
250	68	68.1	6.9184	6.3645238
250	75	70.9	8.5574	8.6710104
250	81	74.1	7.63	6.2007592
250	87	76.3	8.237	8.640274
250	93	78.9	8.0578	8.3131356
260	104	82.4	8.961	9.931218
260	110	95.8	9.735	10.1771976
260	117	99.9	10.178	10.4909892
260	123	105.7	9.1934	10.6931196
260	13	52.2	7.5962	8.6455782
260	130	107	11.763	10.4109756
260	19	55.1	5.8562	6.811651
260	26	56.4	8.0034	5.4379672
260	32	59.6	6.6796	6.6888174
260	39	62.2	7.105	5.6225756
260	45	65.1	8.1786	6.6183452
260	52	65.4	8.1564	8.2820544
260	58	68.2	8.146	8.3525892
260	6	54.2	7.146	28.8705858
260	65	72.8	7.7378	16.049355
260	71	78.9	7.8716	8.5034148
260	78	79.1	7.993	8.3492534
260	84	79.4	7.9372	6.4077896
260	91	82.4	8.896	8.1957554
260	97	85.4	8.3742	8.8412432
270	101	92.2	11.2204	9.946534
270	108	97.1	10.539	11.1033064
270	114	99.3	9.952	10.0301384
270	121	104.9	10.8292	10.239472
270	128	107.6	10.1138	8.7834724
270	13	57.2	6.8828	9.2879678
270	135	110.8	9.847	10.9248606
270	20	57	7.4652	7.3444524
270	27	59.8	7.2018	9.818768
270	33	62.6	6.9802	5.5723292
270	40	65.4	7.2252	6.6920204
270	47	68.4	9.344	7.5883302
270	54	71.5	8.414	8.734701
270	6	58.2	6.028	32.4200742
270	60	73.1	8.0648	13.5161696
270	67	76.5	9.7448	9.9575308
270	74	80.2	8.277	6.9855724
270	81	83.6	8.6752	7.3729994
270	87	86.2	8.9612	8.6563988
270	94	89.8	8.952	8.5201416
280	105	99.4	9.8362	10.6623672
280	112	103.6	11.092	11.7876472
280	119	108.7	12.4792	12.3663624
280	126	110.8	11.2694	11.4830844
280	133	116.1	12.184	11.5663988
280	14	59.2	6.9534	7.8436038
280	140	118.5	11.24	11.3866208
280	21	61.8	7.019	7.319358
280	28	63.7	8.3974	8.8861682
280	35	66.3	7.3996	9.0526738
280	42	70.3	7.8504	11.3022306
280	49	72.7	9.983	7.8241214
280	56	75.9	8.7316	8.6932858
280	63	79.1	9.3078	9.8457342
280	7	60.9	6.97	26.2187236
280	70	82.1	10.2408	10.5892618
280	77	85.6	8.7072	7.6473444
280	84	89	10.4708	7.9962214
280	91	92.9	9.3228	8.2738322
280	98	96.5	9.4048	10.555918
290	101	103.4	10.4074	11.90113
290	108	106.4	11.732	11.2358808
290	116	110.6	10.738	12.0160468
290	123	114.8	10.682	12.0642644
290	130	118.6	13.53	12.2669532
290	137	123.4	12.774	11.802126
290	14	62.6	8.5788	8.642367
290	145	127.3	11.084	10.7024584
290	21	64.7	7.5864	6.6239838
290	29	67.6	8.035	6.829166
290	36	71.3	8.522	9.183366
290	43	74.2	8.7428	6.3361036
290	50	79	9.298	6.1292686
290	58	81.4	9.7814	8.305434
290	65	84.8	10.2544	9.0565212
290	7	65.5	7.8812	24.5197776
290	72	87.8	11.1042	9.913854
290	79	92.3	9.6672	7.9856454
290	87	96.3	9.6972	11.3802156
290	94	100.1	9.6402	8.7535736
300	105	109.9	13.034	11.7392204
300	112	114.2	12.672	11.6780344
300	120	118.6	13.328	11.1569244
300	127	123.1	14.22	10.6100624
300	135	128.3	14.78	7.815318
300	142	132.2	14.884	12.4932602
300	15	66.4	9.8772	9.5790662
300	150	136	14.584	10.2119978
300	22	69	9.1644	7.0464292
300	30	73.1	9.9858	8.49205
300	37	76.1	11.4792	7.9850226
300	45	80.4	9.2678	6.3340332
300	52	83.4	9.4476	10.5032938
300	60	87.1	9.9354	11.5882174
300	67	90.6	9.6678	6.124454
300	7	69.8	7.3328	33.360324
300	75	95	10.9974	7.407058
300	82	97.5	11.356	8.4912082
300	90	102.6	11.988	11.0363632
300	97	105.6	13.052	10.83546
310	100	114	11.384	8.607669
310	108	118.2	12.144	13.278154
310	116	126.5	14.712	13.6565092
310	124	126.9	12.066	13.3267612
310	131	130.8	12.558	14.0394796
310	139	135.9	12.884	15.9471892
310	147	142.5	13.408	15.5393408
310	15	70.8	9.8136	10.1715102
310	155	148.1	14.61	14.5989444
310	23	74.6	10.6602	7.570813
310	31	77.7	10.056	8.1301144
310	38	80.8	11.544	8.0488338
310	46	84.9	12.5346	6.6263286
310	54	88.6	11.0762	7.8254684
310	62	92.8	10.5132	12.280525
310	69	100.3	10.3894	8.1146772
310	7	74.8	10.0272	27.79406
310	77	102.7	11.172	9.3909414
310	85	104.9	11.77	9.3123172
310	93	109.2	10.916	6.0312602
320	104	120.7	13.852	12.0171864
320	112	125.3	11.82	12.3747584
320	120	130.4	12.098	13.2840932
320	128	134.7	12.706	11.6461602
320	136	142.5	13.002	15.4454876
320	144	145.5	13.588	12.3493842
320	152	149.8	15.724	13.4893688
320	16	76.2	9.788	7.6458064
320	160	155.8	14.756	13.6508712
320	24	79.2	9.3038	10.1110254
320	32	82.8	9.3132	7.2089916
320	40	87	9.5652	6.721535
320	48	91	9.8506	10.7396372
320	56	95.6	10.2862	8.9736116
320	64	99.8	10.624	6.3238178
320	72	103.1	10.49	7.8276576
320	8	79.4	8.6552	32.2098574
320	80	107.6	12.096	10.61918
320	88	111.5	11.062	11.5327728
320	96	116.9	11.202	12.0506064
330	107	129.3	18.614	11.0123202
330	115	133	16.53	12.4268308
330	123	137.7	13.784	11.2285844
330	132	143.4	14.436	14.6763816
330	140	149.5	14.048	13.0835392
330	148	154.1	14.304	13.59512
330	156	158.9	15.094	13.4745764
330	16	80.2	9.2902	10.9360452
330	165	165	16.932	12.8163792
330	24	83.5	10.964	10.466751
330	33	88.5	10.073	7.5181742
330	41	92.4	11.5064	6.9530688
330	49	96.3	11.564	7.002621
330	57	100.5	11.684	11.001949
330	66	106.3	14.484	8.8236002
330	74	111.7	14.958	8.3391616
330	8	85.4	10.6292	29.6207708
330	82	115.3	16.752	9.8202944
330	90	119.3	17.64	9.895482
330	99	123.2	14.52	8.5786766
340	102	132.5	13.824	13.7527236
340	110	136.3	14.3	12.076039
340	119	141.6	15.768	12.5289696
340	127	148.3	14.752	13.271028
340	136	154.2	13.908	15.4027512
340	144	157.5	14.588	76.7050776
340	153	163	14.912	14.1486628
340	161	168.7	14.986	14.5415916
340	17	85.5	10.0734	9.519638
340	170	176.4	15.724	14.8492164
340	25	89.3	12.886	10.7362644
340	34	93.7	11.768	9.4057848
340	42	98	11.3	7.4016256
340	51	102.6	12.41	7.2464586
340	59	108.4	11.982	9.897729
340	68	112.9	12.72	8.4848164
340	76	116.2	12.766	11.148836
340	8	91.7	11.4044	24.562983
340	85	121.2	14.684	12.3412256
340	93	126.6	14.172	12.5209952
350	105	138.1	15.224	10.0331196
350	113	143.5	17.442	10.1833484
350	122	150	16.67	14.2664476
350	131	158.2	15.788	11.9125348
350	140	161.2	17.26	13.8417956
350	148	167.1	17.602	14.451696
350	157	173.7	16.3	15.139716
350	166	179	17.458	13.7915486
350	17	90.5	10.2002	9.801385
350	175	185.4	20.378	15.1213516
350	26	94.8	10.61	15.077823
350	35	99.3	14.43	7.7664694
350	43	105	13.082	8.0555546
350	52	110.1	13.08	10.7787382
350	61	113.9	13.776	9.7741082
350	70	118.5	14.096	9.2984858
350	78	123.1	15.186	9.4835914
350	8	95.1	10.2046	26.1695916
350	87	128.3	16.666	12.0285748
350	96	133.5	15.858	12.3540794
360	108	147.7	15.152	13.914395
360	117	153.1	16.332	12.0786192
360	126	158.8	16.37	18.9619968
360	135	164.7	15.828	18.020858
360	144	171.7	18.488	13.0488458
360	153	177.1	23.73	16.1063104
360	162	183.2	21.162	15.7111076
360	171	190.6	19.222	15.834667
360	18	95.5	11.216	17.5493012
360	180	196.7	19.43	16.0224512
360	27	101.7	12.74	11.8041592
360	36	105.1	11.472	11.1220254
360	45	110.1	13.074	8.186475
360	54	115.7	12.55	9.6991618
360	63	120.5	14.908	7.418297
360	72	127.1	14.396	7.924932
360	81	131.1	14.426	9.450508
360	9	101	11.942	30.4321508
360	90	136.8	13.652	11.016197
360	99	142.4	15.736	15.4393564
370	101	149.1	18.43	15.6963124
370	111	155	16.292	14.078458
370	120	162.4	18.074	13.1739858
370	129	167.5	17.208	18.4277208
370	138	173.8	17.302	16.2546332
370	148	180.9	16.74	15.7940088
370	157	186.5	18.758	14.1504234
370	166	193.5	18.272	16.5037392
370	175	200.9	18.81	14.6350972
370	18	105.4	13.898	14.3588838
370	185	207.2	20.336	17.1665508
370	27	108.5	14.668	14.7865114
370	37	112.9	14.03	8.5662674
370	46	115.7	12.7	11.220255
370	55	120.9	14.508	10.1137634
370	64	126.8	18.45	6.9296172
370	74	132.3	17.29	9.8496248
370	83	138.5	17.374	12.6143014
370	9	108	14.552	34.18441
370	92	144.1	17.218	14.4962872
380	104	157.7	15.61	15.5196588
380	114	164.3	16.15	15.934976
380	123	170.1	17.87	13.6056096
380	133	177	17.056	18.345576
380	142	183.4	17.838	20.8238248
380	152	190.3	17.468	16.6351684
380	161	196.4	18.63	16.9847248
380	171	204.4	18.762	17.52509
380	180	212.1	19.334	15.6880724
380	19	106.9	12.368	15.2183218
380	190	220.9	22.472	19.2228596
380	28	111.3	12.632	13.0032508
380	38	117.8	12.826	8.8965922
380	47	122.4	13.288	12.0314502
380	57	128.4	13.828	16.9277028
380	66	133.2	14.588	9.9433096
380	76	140.4	14.418	11.766727
380	85	145.4	14.736	11.229885
380	9	112.6	14.688	32.1430446
380	95	152	16.988	13.5566312
390	107	167.4	23.478	15.6290596
390	117	173	18.086	14.4303292
390	126	178.7	20.01	14.2119986
390	136	187.2	19.7	16.279424
390	146	193.6	19.426	16.4623644
390	156	200.5	19.09	17.0122748
390	165	208.5	19.49	17.09493
390	175	215.2	19.282	17.4499756
390	185	221.9	20.696	19.1211564
390	19	112.6	16.622	13.3580772
390	195	230.2	21.536	16.6564516
390	29	118.5	15.338	20.521043
390	39	123.2	14.43	10.551819
390	48	129.3	17.224	11.1161644
390	58	133.9	14.58	9.82852
390	68	142.5	17.612	10.1310018
390	78	147.5	23.222	10.0169238
390	87	152.9	21.478	11.7604438
390	9	119.9	14.402	31.7741568
390	97	161.8	22.588	14.798109
400	10	124.1	12.89	36.6290412
400	100	168.2	17.32	16.6595284
400	110	174.7	17.506	16.4113028
400	120	182.4	19.166	17.4882136
400	130	188.8	20.418	17.9456048
400	140	198	19.39	17.1021188
400	150	205.9	22.976	18.094388
400	160	212.1	24.536	17.471244
400	170	220.4	27.194	14.3333914
400	180	228.6	26.15	18.288522
400	190	234.3	29.176	21.317648
400	20	117.9	14.358	11.738605
400	200	242.5	29.52	23.9018856
400	30	124.1	14.04	11.1535184
400	40	130	14.278	9.2318644
400	50	135.8	15.686	11.5346526
400	60	141.4	15.064	8.0094268
400	70	148.7	15.96	8.3338622
400	80	155.2	16.526	10.8581698
400	90	160.8	17.496	12.2080354
410	10	131.4	14.936	39.033498
410	102	178.9	20.058	16.9249592
410	112	183.7	19.256	17.3987232
410	123	173.2	21.488	18.6035364
410	133	199.6	23.238	13.8302292
410	143	205.6	22.77	18.3768908
410	153	215	21.906	15.6772964
410	164	221.2	25.708	18.4573824
410	174	230.1	25.836	21.6586612
410	184	239	26.166	18.9801256
410	194	249.5	24.324	20.006296
410	20	124.1	15.886	11.6190384
410	205	257.8	28.992	20.758774
410	30	129.1	15.542	9.9185372
410	41	137.6	15.832	16.046262
410	51	143.1	18.374	11.7108866
410	61	148.7	15.76	9.624958
410	71	154.9	18.746	11.1171088
410	82	162.7	18.536	11.09819
410	92	170.4	17.858	13.1993294
420	10	136.4	17.038	33.8516584
420	105	184.9	19.344	13.9960458
420	115	194.3	20.32	15.6989656
420	126	200.3	22.396	16.6681176
420	136	210.5	23.49	13.2965514
420	147	216.8	21.75	18.7392264
420	157	224.1	21.846	18.7659504
420	168	232.8	22.588	17.7350992
420	178	240.8	23.86	19.606972
420	189	249.4	25.094	24.0974436
420	199	260.2	26.134	24.2501104
420	21	130	16.946	12.6030874
420	210	266.9	27.192	25.593336
420	31	137.7	18.344	18.1407044
420	42	144.8	20.822	11.5121052
420	52	149.5	20.6	12.7195254
420	63	156.3	18.696	8.123993
420	73	163.5	20.72	8.5178044
420	84	171.4	21.266	10.0232966
420	94	177.9	18.518	10.7231062
430	10	143.9	16.032	35.2835388
430	107	194	20.354	14.9119056
430	118	200.8	22.002	18.8923416
430	129	214.6	23.488	17.6883172
430	139	221.4	24.298	14.587954
430	150	226.6	24.356	16.5971918
430	161	235.9	23.216	19.5993676
430	172	245.2	23.97	18.0594922
430	182	252.7	22.676	21.8217252
430	193	261	23.24	21.2075384
430	204	269.7	24.12	21.77642
430	21	136.4	15.92	12.8338916
430	215	279.7	24.42	22.381744
430	32	143.3	16.188	12.9650016
430	43	149.7	16.688	10.2655816
430	53	158.4	17.166	13.7180596
430	64	164	18.81	8.275061
430	75	170.7	17.974	8.3745262
430	86	178.3	20.498	8.4137314
430	96	186.4	19.736	14.0319648
440	11	151.2	17.048	37.2168604
440	110	203.6	19.924	19.2561748
440	121	211.9	20.662	21.2725272
440	132	220	24.102	18.1647054
440	143	229.3	22.538	13.7579762
440	154	237.6	22.432	18.8910764
440	165	246.3	24.09	19.9982048
440	176	254.7	25.442	19.8414364
440	187	264.4	24.32	22.5744732
440	198	273.7	25.704	19.4813386
440	209	284.1	25.114	22.367998
440	22	142.4	16.966	13.348126
440	220	294	27.13	22.9824248
440	33	151.4	18.312	17.3787078
440	44	156.5	16.964	12.7570662
440	55	163.4	19.924	11.6276966
440	66	171.1	18.264	8.446833
440	77	179.7	19.404	10.788519
440	88	187	20.788	12.4448008
440	99	195	19.464	11.396468
450	101	204.3	20.832	16.749619
450	11	158.5	17.252	29.5186946
450	112	212.5	21.776	19.0624308
450	123	220.1	21.694	21.97919
450	135	232.5	22.83	19.5780744
450	146	239.4	22.778	17.4127494
450	157	247.6	28.796	20.3737612
450	168	257	25.544	21.90027
450	180	266.6	25.756	23.0010028
450	191	276.5	25.14	23.2233956
450	202	285.5	25.674	24.6650756
450	213	296.4	26	24.1818592
450	22	149.2	17.178	11.9220028
450	225	307.4	28.906	27.0870344
450	33	158	17.196	15.8471152
450	45	164.4	18.748	19.377594
450	56	170.9	19.842	17.9059228
450	67	180.5	19.05	15.3505988
450	78	187.5	19.292	15.6956126
450	90	196	20.21	16.7611316
460	103	215.2	25.962	13.7666042
460	11	166.6	18.864	34.407959
460	115	222.9	24.534	19.3778102
460	126	231	25.848	17.8694976
460	138	240.3	26.266	17.0997344
460	149	250.3	24.842	18.9287278
460	161	260	27.502	16.5437168
460	172	269.3	27.344	23.022018
460	184	279.3	26.186	22.500396
460	195	287.7	28.706	23.2519604
460	207	299.9	26.476	23.9348644
460	218	310	27.556	24.5932784
460	23	156.7	18.462	12.3671486
460	230	329.5	31.508	26.4384716
460	34	164	19.378	14.621031
460	46	171.7	22.12	16.5290074
460	57	180.1	20.064	9.7344614
460	69	189.4	22.116	12.5467056
460	80	195.6	20.454	9.4470482
460	92	205.6	21.944	12.869808
470	105	223.7	26.14	16.4842612
470	11	178	19.61	38.6451718
470	117	232	23.336	20.834148
470	129	240.9	24.698	14.8273434
470	141	251.6	25.396	21.9672288
470	152	260.3	28.358	17.244554
470	164	275.1	28.694	22.91021
470	176	281.4	30.022	26.74414
470	188	293.7	29.938	23.275074
470	199	301.7	30.188	23.975646
470	211	314.2	30.908	24.6879632
470	223	326.1	29.842	27.3061572
470	23	165.8	20.568	12.5998398
470	235	335	29.45	27.1469508
470	35	172.3	21.584	14.82839
470	47	178.3	21.532	13.3543154
470	58	187.9	22.116	11.9265642
470	70	195.1	20.822	9.6440574
470	82	204.8	24.644	9.8008514
470	94	215.3	24.52	12.1544288
480	108	233.1	23.54	19.1037104
480	12	181.3	18.78	39.3959122
480	120	242.1	25.996	20.5421926
480	132	251	29.094	18.7956788
480	144	261.5	27.714	19.32199
480	156	272	28.776	20.1043642
480	168	283.8	26.106	22.6414896
480	180	293	29.704	22.6232684
480	192	305.2	30.434	23.861438
480	204	320.8	30.494	24.622544
480	216	331.8	30.082	23.0404434
480	228	343	33.676	24.6869124
480	24	170.4	21.584	18.5675754
480	240	349.7	33.996	27.520004
480	36	177.8	22.976	14.468636
480	48	187.4	23.968	15.8380494
480	60	196.3	25.984	11.8882572
480	72	204.7	23.496	15.2852998
480	84	213.4	24.268	12.8699586
480	96	222.5	24.524	17.3411438
490	110	241.6	26.766	23.896214
490	12	187.8	22.216	40.2397058
490	122	251.9	25.142	22.8375452
490	134	264	25.624	22.1564824
490	147	274.6	26.706	20.4544352
490	159	286.3	27.776	21.419405
490	171	294.8	28.052	24.783194
490	183	305.7	29.942	25.294288
490	196	317.8	30.962	25.1636142
490	208	329.7	30.318	26.2183448
490	220	339.2	32.576	33.496504
490	232	351.9	31.302	28.1592172
490	24	177.1	23.906	17.5512074
490	245	363.2	31.726	28.8219376
490	36	185.1	22.9	13.7638354
490	49	191.5	23.784	14.3909466
490	61	202	25.238	12.075842
490	73	213.3	25.246	13.7768358
490	85	222.1	24.724	14.6003504
490	98	233.6	25.656	9.9005572
500	100	241.4	33.488	10.9062374
500	112	252.4	34.012	17.6490762
500	12	194.6	20.834	41.8746466
500	125	262.7	31.96	23.5223956
500	137	272.9	30.1	24.5420506
500	150	283.7	33.952	20.5341876
500	162	294.5	33.176	21.7052554
500	175	306.2	33.642	25.078974
500	187	317.7	34.99	25.613122
500	200	328.4	35.94	25.6635032
500	212	341.5	34.294	21.1969164
500	225	353.7	34.418	29.1436832
500	237	368.1	34.584	28.8225992
500	25	187.8	22.028	18.717197
500	250	378.2	34.472	28.9112568
500	37	192.4	21.186	15.4940152
500	50	203.7	21.83	14.0356778
500	62	212.4	23.402	10.2228468
500	75	222.9	28.002	12.1824984
500	87	231.5	27.532	13.0194284
510	102	251.5	24.916	14.141854
510	114	262	25.506	21.3058582
510	12	204	20.384	38.5720768
510	127	272.3	26.912	24.2977628
510	140	282.9	27.412	23.9968324
510	153	295.7	28.118	25.4633904
510	165	307.7	28.364	26.8182616
510	178	320.7	29.728	26.7132696
510	191	330.9	29.8	26.1811612
510	204	345.5	32.512	27.1623244
510	216	354.6	31.896	30.1323624
510	229	367.4	34.182	33.1867092
510	242	382.4	33.984	29.7930496
510	25	191.7	21.21	20.330184
510	255	395.8	33.758	30.2490472
510	38	201.5	22.174	13.462311
510	51	210.8	22.724	16.5679404
510	63	220.2	24.29	10.572011
510	76	229.9	24.448	11.019099
510	89	241.3	25.218	14.0526842
520	104	261.3	26.566	15.6009528
520	117	271.4	27.454	22.50182
520	13	211.5	21.114	42.0379022
520	130	283.7	95.946	20.665152
520	143	295.9	36.63	21.2064512
520	156	307.9	33.666	24.8668148
520	169	319.2	30.624	24.902649
520	182	332.1	31.358	28.128738
520	195	344.6	33.838	29.3248692
520	208	358.1	36.06	33.6019704
520	221	369.7	37.258	32.7994428
520	234	392.9	36.112	29.9255672
520	247	398.2	34.206	30.4980628
520	26	199	22.382	17.4912748
520	260	408.4	36.592	28.0863898
520	39	210.2	26.15	16.3091416
520	52	218.1	25.314	14.3974488
520	65	229.6	28.008	10.536307
520	78	240	25.19	16.3829154
520	91	250.6	27.452	15.9018882
530	106	271.1	30.962	14.1685128
530	119	283.8	28.834	24.0206364
530	13	220.6	23.47	43.0402786
530	132	293.8	31.392	23.6655712
530	145	309.4	31.646	24.1419392
530	159	320.7	33.608	25.4457488
530	172	331.6	35.138	25.3001406
530	185	343.5	35.978	30.7551336
530	198	357.2	33.724	25.3234148
530	212	370.7	35.28	30.0478756
530	225	383.2	34.984	26.7026618
530	238	397.6	37.93	30.3870384
530	251	410.9	38.872	31.419272
530	26	206.8	26.178	20.3419868
530	265	425.7	41.022	34.09658
530	39	216.2	26.442	16.5888452
530	53	229.5	26.742	18.6633562
530	66	237.8	28.368	13.3196346
530	79	249.2	28.398	17.1544486
530	92	259.1	29.978	14.2832668
540	108	281.8	31.296	21.460997
540	121	293.1	30.806	17.1386612
540	13	227.9	27.838	39.0219222
540	135	306.5	29.976	24.1306882
540	148	318.1	31.094	25.4006052
540	162	331.6	32.542	22.226996
540	175	345.4	34.418	24.8726354
540	189	358.8	33.55	27.9006516
540	202	372.5	38.362	28.7205456
540	216	385.5	38.83	28.7566858
540	229	404.3	39.912	31.3275108
540	243	415.6	37.884	32.1152136
540	256	429.1	38.004	30.2923264
540	27	215.4	26.572	18.6864838
540	270	441.7	38.692	40.2687112
540	40	225.8	27.904	17.4743522
540	54	237.2	28.202	14.490148
540	67	246.7	29.164	12.311202
540	81	259.2	31.236	11.7638906
540	94	270.4	29.958	14.1789806
550	110	265.4	31.976	23.3126548
550	123	303.6	32.09	22.264494
550	13	236.9	24.15	40.798321
550	137	317.9	31.18	23.3004806
550	151	331.8	33.206	23.4920362
550	165	345.9	32.394	24.9201944
550	178	358.1	38.94	27.4214886
550	192	371.3	38.744	35.6377464
550	206	387.7	36.522	31.9198334
550	220	399.5	40.18	32.7852312
550	233	412.7	38.818	33.5544364
550	247	430.7	38.778	33.1289324
550	261	443.3	38.614	34.1901064
550	27	221	24.664	15.5082828
550	275	458.1	40.032	34.7488752
550	41	233.1	28.05	18.8398582
550	55	244.8	29.86	12.11644
550	68	255	30.246	14.7094058
550	82	267.6	30.998	15.6647782
550	96	281.3	30.91	13.9366756
560	112	303.7	34.654	14.2793818
560	126	316	35.644	22.553302
560	14	244.3	25.004	43.0281496
560	140	329.9	32.538	27.1307464
560	154	353.3	36.392	28.1858474
560	168	358.2	34.72	29.578328
560	182	370.9	34.77	27.7562162
560	196	384.3	38.346	26.9750276
560	210	398.6	37.9	32.9629676
560	224	413.6	37.292	32.4842504
560	238	428.6	38.684	33.2559836
560	252	444.1	39.21	34.8459972
560	266	459.2	39.562	44.8634312
560	28	229.4	26.86	15.8262498
560	280	475.7	39.798	43.408014
560	42	242.7	26.068	20.430356
560	56	254.7	28.838	12.4867006
560	70	266.2	35.464	12.2512112
560	84	278.9	32	14.6640856
560	98	289.7	33.426	13.7628106
570	114	318	32.534	19.2561132
570	128	327.4	35.214	26.9511612
570	14	255.3	26.406	39.1194764
570	142	344.8	35.542	26.9723768
570	156	359.3	39.86	30.7829872
570	171	370.6	40.782	33.3375784
570	185	384.8	41.728	28.5245326
570	199	399.1	42.466	36.7270444
570	213	412.4	45.444	35.5607608
570	228	428.1	43.144	33.4809568
570	242	444.7	47.85	34.121128
570	256	459.8	45.292	36.5724256
570	270	475	45.908	35.6645572
570	28	240.4	26.574	19.3193108
570	285	491.4	44.53	37.4559634
570	42	251.8	28.404	17.1505278
570	57	262.8	27.792	12.7345266
570	71	275.9	29.572	12.9446714
570	85	290	30.884	14.5523882
570	99	299.4	30.616	15.5742302
580	101	312.6	32.32	21.782547
580	116	325.4	33.69	23.6727482
580	130	338.8	33.77	21.5461108
580	14	261.5	27.13	34.8216732
580	145	353.2	34.074	25.0694946
580	159	365.1	35.686	27.5605512
580	174	382.5	38.102	29.8687852
580	188	398.9	38.472	22.1516414
580	203	418.7	37.472	29.7492766
580	217	430.2	38.852	33.5561272
580	232	444.1	39.924	36.908106
580	246	460.4	40.418	36.1959944
580	261	478.2	42.714	41.6344416
580	275	492.2	42.404	47.7132604
580	29	249.1	26.894	19.345572
580	290	511.7	43.898	44.0027884
580	43	261.5	29.232	17.5308094
580	58	272.3	29.158	13.4967576
580	72	284.6	29.48	15.351596
580	87	300.4	32.256	24.3785296
590	103	322.9	33.482	15.753523
590	118	337.1	33.618	14.7717002
590	132	350.4	34.38	26.0713304
590	14	272.8	27.61	43.3699982
590	147	366.3	35.978	28.9555768
590	162	381.6	37.622	29.6846366
590	177	396.6	37.72	27.90051
590	191	411.3	38.086	29.8285846
590	206	429	39.36	34.2547196
590	221	456.2	41.318	33.6503752
590	236	461.9	41.432	36.1855052
590	250	474.4	41.754	37.1733564
590	265	493.6	43.024	44.3582756
590	280	511.9	43.788	44.3188624
590	29	256.7	27.962	23.7600598
590	295	527.5	45.222	41.5961184
590	44	271	28.968	21.2062418
590	59	282.5	30.538	13.5482172
590	73	295.1	30.33	14.0822646
590	88	309.6	32.992	14.3859706
600	105	333.3	33.398	15.8221168
600	120	348.1	34.804	21.0057224
600	135	363.2	37.49	26.2209168
600	15	279.3	28.974	40.2445918
600	150	377.2	37.69	27.5888534
600	165	394.4	37.274	32.6357316
600	180	410.7	38.508	33.2561228
600	195	425.5	39.602	27.3655072
600	210	443	40.512	36.0315824
600	225	458.6	41.198	31.9184186
600	240	474.6	43.082	37.1375308
600	255	491.8	43.676	40.697318
600	270	509.3	44.452	47.0744476
600	285	528.9	46.342	41.7795256
600	30	264.9	30.178	20.473212
600	300	545.2	46.218	41.9740748
600	45	279.2	30.12	23.7022656
600	60	290.7	31.61	14.7259952
600	75	305.5	31.688	16.6226532
600	90	320.4	33.882	14.6484406
610	106	345.7	35.7	20.6870054
610	122	363.7	37.376	20.2359002
610	137	377.2	36.292	25.9788364
610	15	291.4	28.958	47.0151406
610	152	390.7	38.496	32.4937248
610	167	407.4	39.81	31.2898836
610	183	423.4	40.266	26.2028576
610	198	439.5	40.794	30.4159096
610	213	456.5	42.884	35.275112
610	228	475.4	42.978	32.3243418
610	244	492.7	43.73	37.3822724
610	259	509.6	44.728	40.3106476
610	274	526.6	46.792	46.5093284
610	289	545.1	47.136	44.0297784
610	30	274	30.016	25.1769854
610	305	565.1	50.016	42.3943184
610	45	287.5	32.642	18.4903382
610	61	304.7	31.672	16.8392484
610	76	318.5	35.132	15.6048876
610	91	334.9	34.104	14.6205462
620	108	352.8	36.906	22.808099
620	124	371.7	36.97	24.6579782
620	139	386.2	38.66	26.796788
620	15	299.5	30.174	40.5465622
620	155	404.1	39.884	32.477242
620	170	419.3	39.798	31.873577
620	186	436.5	42.434	30.3924724
620	201	454.7	42.096	32.3759764
620	217	472.1	42.868	35.7702656
620	232	499.7	44.49	33.5175334
620	248	507.5	44.662	44.8456044
620	263	525.2	45.884	42.406661
620	279	542.5	46.58	52.51993
620	294	562.3	50.008	37.3210906
620	31	284.3	30.546	24.779271
620	310	583.1	48.964	43.276396
620	46	297.8	31.808	24.7778866
620	62	312.4	32.848	14.1903032
620	77	327.7	35.236	14.9197838
620	93	306.7	39.082	15.2670182
630	110	367.8	37.99	17.3289976
630	126	383.8	38.362	25.503943
630	141	398.4	39.02	25.2692858
630	15	310.4	30.968	46.432308
630	157	417.8	40.086	33.7384816
630	173	434.8	41.266	34.0902604
630	189	451.9	42.004	39.3262872
630	204	470.8	46.154	30.837734
630	220	487.4	44.752	36.7410632
630	236	504	45.612	41.4805012
630	252	521.8	46.68	45.2850532
630	267	543.1	48.216	51.6133776
630	283	560	50.632	50.1142976
630	299	581.2	50.918	43.067702
630	31	292.7	31.564	22.1537768
630	315	603.4	52.47	44.843508
630	47	309.7	32.602	18.5711386
630	63	325.5	33.574	19.163774
630	78	335.5	35.87	17.7339708
630	94	352.2	36.518	15.2417662
640	112	380.6	45.664	25.3730956
640	128	395.6	46.168	25.2175256
640	144	412.5	47.622	32.2766948
640	16	319.8	32.05	43.8802926
640	160	429.8	47.474	34.291068
640	176	451.8	55.648	31.7131324
640	192	469.9	53.868	35.8821312
640	208	484.4	54.368	35.5793114
640	224	505.9	48.212	41.0843996
640	240	524	49.27	39.8350084
640	256	542.3	51.724	41.0537658
640	272	561.1	49.594	50.0921876
640	288	584.9	52.452	46.0235104
640	304	602.1	51.288	40.4971882
640	32	300.5	33.402	18.9694804
640	320	621.5	55.07	47.5082536
640	48	317.2	38.716	22.467185
640	64	331.5	40.098	15.936568
640	80	347	40.968	17.8309336
640	96	362.7	42.362	17.0832496
650	113	390.8	39.498	25.9513188
650	130	413	40.054	31.3632372
650	146	434.7	43.366	23.4831036
650	16	328.9	35.27	47.509963
650	162	443.3	45.108	33.7690832
650	178	461.9	47.846	31.4628666
650	195	485.2	46.492	34.987884
650	211	507.1	45.996	34.66594
650	227	523.8	47.264	35.168205
650	243	544.9	49.708	42.0130248
650	260	565.3	49.422	49.7344456
650	276	584.8	50.874	50.7227836
650	292	607.3	52	43.896984
650	308	624.7	52.9	45.1468612
650	32	311.4	36.038	19.1807006
650	325	580.1	54.342	47.212098
650	48	327.3	37.372	18.6638134
650	65	345.5	36.63	18.2463348
650	81	355.7	37.662	17.2696552
650	97	377.2	38.406	19.7239178
660	115	408.1	41.148	16.7260478
660	132	423.8	43.052	31.7412158
660	148	439.8	43.758	31.0899428
660	16	342.6	33.786	48.9856628
660	165	459.4	44.83	41.8808184
660	181	481.9	46.056	40.4512234
660	198	498.5	46.43	38.0556574
660	214	519.3	47.014	34.8404708
660	231	536.9	48.48	40.343134
660	247	557.1	49.724	36.8209382
660	264	577.2	55.17	43.81881
660	280	598.6	52.996	45.0670504
660	297	619.8	53.546	45.7779164
660	313	642.5	54.938	41.9110726
660	33	323.5	34.674	32.954704
660	330	664.3	56.042	43.883442
660	49	339.3	36.096	25.4879208
660	66	357.1	36.728	22.1415046
660	82	371.8	41.242	15.7382096
660	99	390	39.868	17.6257056
670	100	399	40.576	25.5396684
670	117	418	41.294	26.915248
670	134	437.3	42.666	30.871272
670	150	456	44.562	29.6077302
670	16	351.3	35.242	49.7325952
670	167	473.9	45.06	38.7863318
670	184	493.2	47.054	41.7055962
670	201	512.5	48.35	37.9108868
670	217	532.8	48.442	32.298225
670	234	554.5	51.314	43.969456
670	251	575.1	52.25	42.1069472
670	268	602.5	51.984	45.0447884
670	284	619.2	53.65	49.167512
670	301	637.2	55.182	42.7316374
670	318	660.3	57.418	48.1394228
670	33	331.9	36.306	25.1268418
670	335	685	57.948	48.737683
670	50	352.6	36.968	26.0205026
670	67	363.3	38.602	16.3031118
670	83	383.4	41.306	20.7578148
680	102	408.8	41.554	22.3617034
680	119	426.1	43.572	20.4340364
680	136	446.9	45.332	31.1695186
680	153	466.6	45.798	34.5613506
680	17	362.9	37.268	44.3270264
680	170	486.7	47.908	38.1692676
680	187	505.8	49.23	40.5582312
680	204	526.2	48.722	40.3997428
680	221	546.1	51.062	37.854905
680	238	566.3	53.626	45.4286344
680	255	589.7	53.032	47.3592754
680	272	611.6	54.566	47.2910832
680	289	633.3	55.408	42.4572874
680	306	641.2	58.618	48.668774
680	323	790.6	58.732	55.1758328
680	34	342.2	36.89	29.5534436
680	340	732	59.934	49.1986028
680	51	359.5	38.302	24.2504502
680	68	376	39.4	17.0037282
680	85	393.3	42.246	21.0629216
690	103	421.4	42.544	18.7249718
690	120	445.4	44.144	24.8891302
690	138	462.3	45.236	31.8685942
690	155	480.7	46.568	41.8473432
690	17	374.8	36.794	45.9925366
690	172	500.9	47.706	44.8812748
690	189	520.6	49.962	46.9797784
690	207	542	51.174	40.7397984
690	224	564.9	52.374	36.4976502
690	241	583.5	53.724	45.3776956
690	258	605.7	54.388	47.17146
690	276	627.2	59.626	50.5460376
690	293	650.8	69.79	117.4876668
690	310	673.1	71.108	51.639418
690	327	698.6	69.884	56.7470992
690	34	350.2	38.118	38.0916976
690	345	722.6	72.37	58.2958548
690	51	373.9	40.768	20.7447892
690	69	388.3	40.654	16.8144734
690	86	403.5	42.246	21.2544926
700	105	436.8	45.676	26.9727766
700	122	406.6	46.624	30.1690748
700	140	474	48.194	25.4365862
700	157	493.3	49.508	40.4600694
700	17	391.3	44.242	48.5881228
700	175	515.9	49.608	46.7241064
700	192	536	50.962	45.37013
700	210	557.9	52.278	33.5820992
700	227	578.3	54.102	39.647851
700	245	601.2	55.41	47.5665368
700	262	623.4	56.34	45.7431892
700	280	646.8	57.424	49.4002036
700	297	670.3	58.75	44.106779
700	315	694.1	61.15	52.1512712
700	332	718.9	60.96	55.2631552
700	35	357.4	47.176	28.0547754
700	350	745.2	63.122	48.661699
700	52	377.8	46.192	17.81527
700	70	397.6	46.286	19.7562348
700	87	412.9	44.076	18.3978
710	106	445.1	45.984	18.6521754
710	124	470.5	47.744	29.4244232
710	142	486.5	48.512	34.2729468
710	159	505.7	48.62	42.700007
710	17	395.4	39.626	51.7886364
710	177	529.9	52.246	44.403873
710	195	553.8	53.192	45.8094784
710	213	575.5	53.182	43.3240112
710	230	596.2	55.178	36.4108418
710	248	618.3	56.224	41.092812
710	266	642.5	57.77	48.7740688
710	284	666.5	60.142	48.8338096
710	301	687.4	60.72	55.2477184
710	319	712.7	62.162	53.1641616
710	337	738.8	63.722	55.7193508
710	35	380.3	40.666	29.3468146
710	355	765.2	64.22	55.4867912
710	53	390.4	43.834	18.1367152
710	71	410.9	42.808	18.0757506
710	88	427.9	45.006	23.275342
720	108	463.9	46.56	32.1864438
720	126	490.1	48.168	25.7846056
720	144	499.4	49.51	40.5252216
720	162	521.3	50.716	42.4869674
720	18	404.8	40.858	50.7891902
720	180	544.4	52.27	50.247494
720	198	569.5	53.412	42.9637332
720	216	588.1	55.694	44.6123856
720	234	613.2	58.232	37.6090504
720	252	634.8	59.414	47.2568356
720	270	660.6	59.274	53.2951364
720	288	684.2	60.476	51.1117228
720	306	709.3	62.34	53.4577736
720	324	733.8	63.322	53.9824384
720	342	757.1	65.24	56.8361612
720	36	384.9	42.092	34.8753584
720	360	785.2	65.688	57.4382064
720	54	400.4	42.646	20.3350908
720	72	421.2	43.886	17.9489738
720	90	439	46.414	32.4208206
730	109	474.3	48.136	36.4276268
730	127	491.4	50.184	34.5198488
730	146	516.6	50.406	34.066275
730	164	539.4	52.262	43.6097154
730	18	417.8	42.582	52.1190582
730	182	558	53.786	49.7365072
730	200	581.2	56.356	41.333789
730	219	605.7	56.906	40.8280608
730	237	638.1	58.428	42.2393652
730	255	651.5	59.402	51.0522732
730	273	676.1	61.818	52.218164
730	292	708.8	64.114	51.6960328
730	310	737.2	63.818	56.605954
730	328	773.5	64.91	50.7464864
730	346	790	68.142	51.5476926
730	36	392.6	44.282	36.89896
730	365	810.9	68.008	58.7741932
730	54	409.4	43.664	19.1725566
730	73	433.9	45.376	23.0163064
730	91	452.8	47.766	38.713914
740	111	495.8	51.016	20.3149496
740	129	517.3	53.858	24.9639782
740	148	533.1	54.718	41.761292
740	166	555.9	55.632	33.7462226
740	18	428.4	42.746	47.6584174
740	185	578	55.18	42.1644848
740	203	601.1	57.784	44.9968116
740	222	625.1	58.578	45.8204716
740	240	652.4	59.28	54.9460142
740	259	675.3	63.74	62.2666388
740	277	706.6	63.536	50.5435472
740	296	727.4	65.742	52.679014
740	314	752.6	66.512	49.1123128
740	333	780.6	70.772	61.0626596
740	351	809.9	84.106	58.0375168
740	37	402.6	43.558	33.6274132
740	370	838.7	80.566	62.7745604
740	55	423.3	44.794	26.3860838
740	74	446.7	47.658	20.0418524
740	92	465.2	48.134	23.0570216
750	112	501.3	54.982	20.1996814
750	131	523.1	52.298	32.1403726
750	150	546.3	54.886	43.0194618
750	168	572	56.75	35.76665
750	18	440.2	51.736	60.4637262
750	187	595.7	58.574	44.7756036
750	206	617.6	61.804	47.8968908
750	225	645.6	66.874	47.7983992
750	243	670	60.788	47.7939438
750	262	627.5	63.088	51.5920232
750	281	718.7	64.038	53.4246972
750	300	745.6	65.87	54.0624168
750	318	773.4	68.86	55.691264
750	337	797.7	68.686	59.38722
750	356	831.4	72.444	60.3455228
750	37	412.8	53.972	30.6348482
750	375	860.2	71.986	61.120354
750	56	437.4	55.236	21.0362562
750	75	458.1	55.76	24.5108716
750	93	481.8	54.884	21.140171
760	114	528.3	51.704	40.8120144
760	133	540.7	55.022	34.3949898
760	152	561.4	58.82	39.3727368
760	171	587.6	57.434	39.4111282
760	19	453.3	44.746	60.449245
760	190	609.9	58.01	42.7320772
760	209	635.8	59.158	44.2110846
760	228	662.6	62.944	53.2352336
760	247	692	63.43	42.2869568
760	266	710.9	63.91	56.641102
760	285	738.7	69.054	57.011332
760	304	767.9	67.784	56.4194928
760	323	796.2	70.622	62.909838
760	342	820.9	71.516	59.4959304
760	361	848.6	73.864	62.1888168
760	38	428.5	48.548	30.3250554
760	380	884.5	74.112	51.131455
760	57	449.5	47.496	20.3554928
760	76	468.4	49.368	20.4826596
760	95	490.9	51.12	28.8876022
770	115	525.4	53.184	40.3838048
770	134	551.3	55.2	25.9556996
770	154	575.2	57.286	21.4322572
770	173	600.4	57.778	37.2792518
770	19	466.5	47.878	54.6524074
770	192	627.2	59.024	48.5932008
770	211	652.2	61.79	47.403644
770	231	679.6	62.754	55.4393204
770	250	703.2	65.556	49.740219
770	269	731	66.164	56.2826416
770	288	757.6	68.512	58.2385804
770	308	787.9	70.97	57.2630228
770	327	813.7	74.104	60.3196964
770	346	841.3	73.512	60.9010636
770	365	872.7	73.728	63.9496176
770	38	437.9	48.536	31.3184374
770	385	907.4	77.274	74.0850524
770	57	457.1	48.696	20.1706844
770	77	481.4	50.146	25.1731432
770	96	503.7	52.952	21.9547502
780	117	543.3	56.72	28.2238158
780	136	568.6	56.638	35.838988
780	156	595.2	60.3	44.86746
780	175	617.9	59.244	33.349368
780	19	476.8	46.994	61.2538152
780	195	643.6	61.572	29.6407796
780	214	669.2	62.35	50.6550844
780	234	694.9	64.934	64.0261636
780	253	723	66.234	45.5978764
780	273	749.7	70.07	49.400105
780	292	776.4	69.61	54.3639962
780	312	806	71.842	58.7968564
780	331	836	73.968	63.1511728
780	351	869.1	74.582	66.01383
780	370	893.7	76.368	68.6315656
780	39	459.4	49.286	28.5026792
780	390	927.3	77.822	62.242899
780	58	470	51.136	20.472734
780	78	495.5	51.25	21.584282
780	97	517	53.766	27.0778672
790	118	557.9	55.752	34.6998728
790	138	581.2	58.964	37.7851238
790	158	606.7	61.33	44.8610464
790	177	632.7	62.466	43.2957634
790	19	486.8	48.302	58.0840222
790	197	659.8	65.996	38.417599
790	217	688.4	65.148	49.5913972
790	237	711.5	75.868	61.5449184
790	256	744.6	78.592	48.9575802
790	276	766.4	81.256	59.4178316
790	296	797.2	82.988	58.7442008
790	316	828.5	88.246	60.5351324
790	335	852.6	86.92	63.3302956
790	355	899.1	83.424	58.8995608
790	375	919.8	77.456	67.0660404
790	39	461.4	50.81	36.6179226
790	395	951.7	79.216	58.0649198
790	59	481.6	51.696	22.4343352
790	79	510.1	53.33	21.7056472
790	98	530.8	56.074	27.1562028
800	100	552.7	56.672	32.0689592
800	120	573.5	60.05	38.8056152
800	140	598.8	58.598	39.1021308
800	160	632.1	61.608	59.5629568
800	180	649.5	63.536	55.8605788
800	20	503.5	49.568	52.1489568
800	200	676.7	64.098	49.6103992
800	220	706.2	66.548	52.6481376
800	240	731.8	68.274	47.984178
800	260	764.7	70.658	45.4537818
800	280	794.5	70.754	54.599997
800	300	819.6	72.53	59.9667424
800	320	853.9	75.024	65.0188796
800	340	884.8	76.396	64.51563
800	360	914.1	79.272	65.650518
800	380	949.5	79.766	71.482916
800	40	474.9	51.144	35.388219
800	400	977.1	82.426	63.4273438
800	60	492.9	54.312	21.6478436
800	80	538.5	54.116	29.692393
810	101	555.7	57.618	32.8778362
810	121	582	60.698	39.6934426
810	141	609.9	60.482	30.805564
810	162	638.4	62.386	54.29316
810	182	662	64.018	42.5056482
810	20	514.3	50.344	58.7995818
810	202	690.9	66.576	50.5835532
810	222	735.4	67.58	49.3845266
810	243	756.8	68.94	50.2303594
810	263	779.8	70.81	57.7292888
810	283	807.5	74.116	60.3558444
810	303	838.4	76.174	62.6058576
810	324	872.8	76.854	64.2817556
810	344	901.7	78.376	64.8357644
810	364	932.3	81.05	68.7465632
810	384	965.8	82.81	70.7204496
810	40	481.5	52.064	32.9148108
810	405	998.3	85.294	63.4825126
810	60	511	53.7	22.3499256
810	81	535.4	55.504	35.7800668
820	102	567.7	59.02	38.263921
820	123	599.5	61.206	41.6067472
820	143	626.1	61.858	38.0497094
820	164	652.9	65.876	44.6441756
820	184	679.3	66.278	51.9332104
820	20	525.6	51.704	53.5376676
820	205	710.1	68.142	46.1215512
820	225	738.6	68.832	60.4693624
820	246	769.3	72.24	49.787979
820	266	801.8	75.232	53.9412342
820	287	829.6	77.194	47.8623448
820	307	860.8	77.11	63.1392924
820	328	893.5	78.32	65.334968
820	348	924.5	80.102	66.1462752
820	369	959.3	86.06	61.927847
820	389	989.3	91.148	65.8554156
820	41	496.1	54.054	32.3588592
820	410	1027.2	87.63	66.5401038
820	61	518.8	54.574	22.7516344
820	82	542	56.936	24.9751668
830	103	587.9	60.424	29.0430712
830	124	619.1	62.772	47.7699732
830	145	641.6	64.356	34.0032868
830	166	668.7	65.888	31.4087476
830	186	703.7	67.128	37.753781
830	20	539.2	53.638	60.7804416
830	207	726.6	69.312	54.6176124
830	228	757.7	72.726	62.0542986
830	249	786.7	74.552	60.2235784
830	269	820.2	79.93	54.2785494
830	290	856.6	82.452	61.5033148
830	311	907	80.514	68.7657884
830	332	939.9	85.288	66.3852944
830	352	972.6	90.866	54.116484
830	373	1009.2	106.56	75.868674
830	394	1033.8	103.738	71.5467692
830	41	509.2	55.598	34.1472908
830	415	1055	107.732	75.245016
830	62	538.4	58.378	23.9865642
830	83	557.4	59.256	26.106272
840	105	607.5	72.056	34.554517
840	126	632.2	76.396	49.9964288
840	147	658.8	75.778	35.0730616
840	168	687.9	74.216	57.4127068
840	189	715.3	72.072	53.7450956
840	21	464	66.282	61.3644414
840	210	749.8	74.148	53.20329
840	231	778.6	74.984	61.1336158
840	252	810.9	77.884	67.1606068
840	273	843	80.962	54.9886822
840	294	870.9	85.958	63.0022304
840	315	913.9	85.44	67.663046
840	336	935.7	86.43	66.8711056
840	357	979.2	88.148	70.4740368
840	378	1053.3	90.4	74.4654108
840	399	1047	90.212	77.6645588
840	42	525.6	67.244	28.6386668
840	420	1078.9	94.242	76.8032628
840	63	548.9	75.92	23.537043
840	84	580	63.676	25.9556854
850	106	620.8	67.208	43.6304536
850	127	644.9	77.674	51.6547712
850	148	673.8	69.718	35.9748642
850	170	702.6	73.21	43.3305004
850	191	734	81.968	49.7123856
850	21	570.6	61.906	61.224543
850	212	770.6	82.776	46.359576
850	233	796	76.24	64.65576
850	255	827	80.506	61.4638354
850	276	863	79.818	59.0453522
850	297	892.4	86.476	64.622844
850	318	926.2	85.702	69.248598
850	340	963.5	88.032	70.80152
850	361	993.2	90.482	74.850702
850	382	1030.9	89.862	78.066456
850	403	1065.5	96.75	61.0303096
850	42	535.1	58.25	29.3401722
850	425	1102.6	94.934	79.5530592
850	63	561.5	62.17	23.737362
850	85	596.7	65.656	39.6123634
860	107	628.8	79.058	35.5865512
860	129	661	68.822	51.2877592
860	150	688.4	71.464	35.6436558
860	172	722.7	78.022	32.233999
860	193	750.5	81.834	52.7338046
860	21	577.2	58	48.157777
860	215	779.8	84.246	60.899854
860	236	813.2	81.778	69.2864576
860	258	847.2	82.01	64.5581912
860	279	876.9	84.758	46.5725554
860	301	911.6	90.772	65.2968156
860	322	943.9	88.298	62.6479182
860	344	979.8	91.736	69.7855932
860	365	1016.4	90.74	74.9265528
860	387	1053.7	91.268	74.7976036
860	408	1089	103.276	76.6062176
860	43	550.8	59.652	34.9186674
860	430	1126.8	99.2	83.3800604
860	64	572.3	63.298	30.3322842
860	86	550.5	72.434	26.422957
870	108	642.2	72.78	35.5746548
870	130	672.8	71.598	46.7064516
870	152	703.2	77.006	39.8849742
870	174	734.7	75.626	55.4413396
870	195	764.6	80.91	50.0872934
870	21	592.2	58.992	57.6317122
870	217	799.1	84.852	63.9435508
870	239	831.3	94.768	72.5930516
870	261	872.5	99.462	66.717328
870	282	899.2	101.052	58.8874356
870	304	931.2	133.08	61.7144644
870	326	969.4	97.89	69.503036
870	348	1006.9	91.756	71.89429
870	369	1041.3	93.736	75.6915968
870	391	1075.7	98.02	70.07619
870	413	1113.5	108.72	74.5639748
870	43	554.7	67.46	43.063754
870	435	1154.1	99.742	86.4067084
870	65	586.2	67.968	24.7980376
870	87	615	65.384	31.995718
880	110	659.3	72.336	26.8990642
880	132	692.1	70.78	47.850305
880	154	724.1	84.008	45.223645
880	176	755.2	78.732	50.900596
880	198	785.1	79.78	45.327434
880	22	606.9	61.86	60.3460926
880	220	825.6	80.61	67.012216
880	242	856	81.316	71.4863968
880	264	884	84.592	64.3289508
880	286	923.5	90.674	62.8514958
880	308	957.4	91.472	73.344038
880	330	991.3	97.36	63.411198
880	352	1039.4	97.954	74.8872904
880	374	1069.6	106.816	82.5042268
880	396	1100.1	103.722	78.7479656
880	418	1140.7	100.252	81.045386
880	44	569.2	63.94	41.8207566
880	440	1185.6	109.88	79.7035492
880	66	598.5	67.102	28.7476394
880	88	632.7	68.628	28.6604174
890	111	678.5	73.61	47.1122026
890	133	707.2	72.394	40.6527014
890	155	739.9	73.376	33.1247514
890	178	768.2	80.174	42.4404998
890	200	798.6	85.048	52.145669
890	22	623.9	63.116	56.9421796
890	222	835.5	79.982	72.9468184
890	244	869.4	83.31	64.6737562
890	267	904.2	87.092	68.5258408
890	289	942.2	88.314	60.8690172
890	311	979	91.408	75.3064188
890	333	1012.9	90.842	72.203588
890	356	1050	95.964	69.6738154
890	378	1095.8	95.84	78.0686992
890	400	1126.8	99.872	83.5006512
890	422	1168.9	103.66	75.1352758
890	44	581.3	67.404	36.8086986
890	445	1208.3	105.58	88.2999564
890	66	616.9	66.556	25.9093748
890	89	662	83.532	27.618754
900	112	685.8	71.472	39.2193706
900	135	719.7	76.21	50.1260858
900	157	752.8	76.542	44.4576092
900	180	788.1	80.182	42.0942978
900	202	831.1	82.95	50.7575696
900	22	634.1	63.63	50.459664
900	225	855.7	82.748	67.8950684
900	247	887.4	88.204	70.0344888
900	270	925.5	89.072	66.4793688
900	292	964.6	91.03	65.8471656
900	315	997.9	95.416	72.7419888
900	337	1033.3	97.976	74.7032968
900	360	1073.3	97.178	79.4988532
900	382	1115.1	101.888	79.08529
900	405	1150.8	112	84.5527004
900	427	1191.7	119.86	83.7680976
900	45	597.6	65.796	47.579509
900	450	1237.9	132.22	90.9689264
900	67	628	74.566	26.4060552
900	90	658.2	70.778	33.5543436
910	113	709.8	75.854	42.8938536
910	136	738.1	75.71	55.21608
910	159	774.1	78.64	46.7236962
910	182	806.2	79.694	58.4614596
910	204	838.9	86.028	51.15545
910	22	650.6	80.322	65.8478402
910	227	875.6	89.664	74.4485632
910	250	914.3	86.792	69.710658
910	273	947.9	89.102	62.0106068
910	295	982.6	92.16	63.4317886
910	318	1021.8	94.42	74.9090896
910	341	1077.9	95.034	75.5414004
910	364	1101.5	102.306	72.1972382
910	386	1137.6	100.572	80.8538704
910	409	1074.7	104.46	77.107125
910	432	1224.8	110.98	86.8371916
910	45	611.5	82.48	42.8122314
910	455	1264.1	118.92	80.9384234
910	68	646.4	88.076	39.6823928
910	91	683	82.292	28.143013
920	115	725.6	76.052	58.5928344
920	138	761	79.182	56.770662
920	161	795.8	80.542	52.2675248
920	184	827.9	81.76	60.2076144
920	207	861.3	85.188	60.8610098
920	23	666.4	65.474	57.7425384
920	230	895.5	85.35	78.73732
920	253	932.5	91.47	67.1072288
920	276	968	89.274	68.1681178
920	299	1012.9	92.858	68.4993868
920	322	1051.5	98.534	74.314244
920	345	1093.2	95.918	82.4077696
920	368	1132.9	103.42	86.2189868
920	391	1165.6	104.28	81.9214616
920	414	1211.4	105.26	85.3920704
920	437	1249.9	109.48	91.368436
920	46	628.2	74.364	36.3481272
920	460	1298.4	109.5	90.60552
920	69	657.9	72.002	39.8468572
920	92	691.5	72.542	34.4556358
930	116	743.5	80.356	49.362369
930	139	772.8	78.2	52.5117236
930	162	807	84.2	48.7926524
930	186	842.7	82.496	60.7938256
930	209	878.7	86.048	61.9812914
930	23	680.4	72.492	65.184768
930	232	915.4	86.278	78.0858624
930	255	962.3	99.192	62.0872284
930	279	991.9	101.38	70.6180556
930	302	1032.7	94.164	70.4648808
930	325	1075	96.638	78.8926756
930	348	1111.4	98.664	74.6850488
930	372	1164.3	105.44	85.35641
930	395	1226.3	103.64	75.6284784
930	418	1269.9	108.5	90.8020396
930	441	1312.4	117.38	89.4708712
930	46	643	69.266	33.9362344
930	465	1352	124.8	92.8955904
930	69	674.2	73.202	28.1983624
930	93	706.9	73.252	29.5421484
940	117	752.9	93.548	56.5908468
940	141	789.7	98.69	46.7046832
940	164	837.7	99.762	47.4657504
940	188	862.9	101.374	63.00311
940	211	898.7	104.566	66.1072094
940	23	731.9	70.194	67.963517
940	235	937.1	96.67	74.392402
940	258	970.4	102.67	72.973422
940	282	1011.3	98.864	65.1211294
940	305	1053.6	102.898	68.750503
940	329	1092.5	105.092	77.5477028
940	352	1128.4	106.92	75.5463044
940	376	1169.9	107.98	83.8218572
940	399	1213.5	114.64	87.7510388
940	423	1257.7	110.46	73.4749908
940	446	1302.2	113.44	82.3223942
940	47	653	71.082	34.0470184
940	470	1342.6	117.14	94.6040652
940	70	698.5	74.398	34.7646468
940	94	731.7	83.296	31.007201
950	118	766.6	79.302	55.4765508
950	142	798.9	84.454	59.523188
950	166	837.8	83.686	44.4970114
950	190	877.4	91.134	63.0017584
950	213	912.5	88.118	75.1521816
950	23	710.8	75.852	66.9916802
950	237	957.3	104.814	65.559807
950	261	999.7	93.976	65.349322
950	285	1030.3	97.414	61.4520918
950	308	1067.4	100.562	70.051661
950	332	1113.4	100.4	78.0162024
950	356	1149.9	105.4	83.4260436
950	380	1197.7	105.98	71.6643854
950	403	1238.7	109.34	87.3238488
950	427	1288.2	122.02	89.6534448
950	451	1328.2	116.34	93.6235508
950	47	667.1	72.052	42.7436056
950	475	1377.5	116.26	95.891006
950	71	699.2	75.158	48.563752
950	95	728.8	77.79	56.079796
960	120	783	82.816	63.1463428
960	144	820.3	86.356	55.3122928
960	168	860.4	88.27	38.199579
960	192	893.5	93.89	52.547144
960	216	933.5	95.736	57.0411068
960	24	723	72.436	56.1307536
960	240	975.8	94.342	75.975932
960	264	1007.4	94.952	76.064136
960	288	1049.7	102.022	75.8183756
960	312	1092.5	101.59	73.1491242
960	336	1138.4	109.06	80.6907024
960	360	1186.1	105.96	68.21571
960	384	1222.3	107.3	69.438417
960	408	1266.3	113.04	89.1553192
960	432	1312.6	114.92	92.7650008
960	456	1362.2	122.46	95.849582
960	48	677.4	78.09	38.6786262
960	480	1403.3	120.74	99.4132184
960	72	714.4	83.056	32.701157
960	96	745.6	78.502	43.25935
970	121	803.3	83.922	57.3775606
970	145	836.5	85.288	61.9933576
970	169	873.5	92.894	48.0916786
970	194	911.7	105.044	70.0478696
970	218	959.8	112.6	75.5126854
970	24	736.5	72.878	63.3320734
970	242	994.2	118.02	75.7439096
970	266	1032.8	116.74	68.7746522
970	291	1074.3	113.04	78.530876
970	315	1119.6	105.62	63.970564
970	339	1158.7	110.18	82.0948248
970	363	1208.2	122.34	90.793184
970	388	1263.3	119.82	87.7888052
970	412	1293.4	113.22	73.219993
970	436	1339	125.1	94.0226288
970	460	1385.1	122.04	96.61483
970	48	691	77.172	46.6409722
970	485	1451.3	119.16	105.05583
970	72	724.3	79.118	37.5820442
970	97	762.6	81.224	43.4800962
980	122	813.5	86.374	51.244223
980	147	853.1	88.736	52.2260432
980	171	888.4	90.894	41.5392492
980	196	931.4	90.752	74.9530948
980	220	967.4	95.628	85.807434
980	24	787.7	76.024	73.6188816
980	245	1008.2	100.704	77.328736
980	269	1051.7	104.064	71.5393912
980	294	1088.7	104.14	74.0582764
980	318	1134.3	109.1	70.1130872
980	343	1176.9	113.68	87.1646072
980	367	1097.2	111.7	83.5087552
980	392	1264.9	121.68	74.5829082
980	416	1314.4	123.36	95.2249176
980	441	1358.4	118.24	101.5603608
980	465	1406	133.56	100.5074028
980	49	720.1	79.904	43.3843404
980	490	1454.2	137.24	105.6127296
980	73	741.3	84.106	32.6835948
980	98	773.8	82.73	38.3291226
990	123	831.7	102.54	97.350038
990	148	868	90.74	64.1173348
990	173	906.8	99.322	53.7744474
990	198	946.1	104.024	74.0852352
990	222	987.7	103.304	69.827219
990	24	767.2	78.018	70.0456162
990	247	1027.6	102.45	44.8861836
990	272	1076.4	107.12	81.1104776
990	297	1111.2	109.82	73.040301
990	321	1158.8	108.5	74.2864692
990	346	1209.7	115.22	91.8136572
990	371	1247	113.66	88.5523972
990	396	1293.8	114.68	96.4374832
990	420	1339.8	118.36	95.105126
990	445	1390.6	122.36	99.6198832
990	470	1433.4	125.78	103.7304676
990	49	721	99.832	45.6112688
990	495	1494.4	127.52	109.6030596
990	74	757.1	112.958	40.6070592
990	99	797.3	116.178	59.2687816
1000	100	806.8	88.824	43.0006198
1000	125	844.1	93.418	64.8663396
1000	150	884	113.18	70.6620304
1000	175	926	116.7	47.2935096
1000	200	968.2	116.76	60.5113768
1000	225	1010.1	120.68	88.6730368
1000	25	786.8	78.974	67.9897296
1000	250	1054.3	113.34	74.7360176
1000	275	1093.8	102.58	78.975218
1000	300	1139.1	109	75.6932016
1000	325	1185.9	117.1	86.4262968
1000	350	1224.1	111.54	93.241368
1000	375	1270.5	114.64	89.7782688
1000	400	1318	119.48	86.2255256
1000	425	1369.6	120.96	88.191396
1000	450	1416.8	125.96	101.7499404
1000	475	1467.5	125.48	104.773838
1000	50	738.1	85.712	50.4149336
1000	500	1517.1	128.4	108.21371
1000	75	767.6	88.764	32.6854418
