Total	X1	X2	M1	M2	S1	S2
11	0	0	0.141	0.1336	9.1858056	10.3844334
12	0	0	0.099	0.1342	1.7588446	2.8514604
13	0	0	0.129	0.1502	2.6693588	2.7726944
14	0	0	0.1044	0.1234	2.2708498	1.7908108
15	0	0	0.1872	0.108	2.4812414	1.7045102
21	0	0	0.139	0.1252	9.6405202	8.7293352
22	0	0	0.1428	0.1408	2.1775992	2.5069618
23	0	0	0.1298	0.1426	3.2091624	4.0479344
24	0	0	0.1488	0.1186	2.7594952	3.366314
25	0	0	0.2794	0.1474	2.3812318	3.4664344
26	0	0	0.144	0.1316	2.3647274	3.129403
27	0	0	0.1488	0.107	1.8284702	1.9192508
28	0	0	0.155	0.2754	2.8377034	2.2294434
29	0	0	0.1696	0.1268	2.1379714	2.163342
30	0	0	0.2692	0.1268	1.6576618	2.3619272
31	0.1	0	0.1916	0.1354	10.4130032	16.8030012
32	0	0	0.186	0.1356	4.6080456	5.19334
33	0	0	0.2078	0.15	2.761341	4.8210868
34	0	0	0.2322	0.1508	4.0695776	3.667765
35	0	0	0.2116	0.1952	2.5710864	4.0454752
36	0	0	0.3216	0.119	2.6106104	3.6041904
37	0.5	0	0.2352	0.192	1.6792984	2.4912932
38	1	0	0.1898	0.1648	1.4967994	2.6170806
39	1	0	0.1908	0.162	1.7884018	1.7481524
40	1	0	0.1936	0.1346	1.709084	1.5445388
41	1	0	0.2862	0.1306	1.4111414	1.1567934
42	1	0	0.2356	0.1446	1.5680074	1.6444394
43	1	0	0.2086	0.1724	1.3452238	1.6718308
44	1	0	0.2278	0.1458	2.1595064	2.1847144
45	1	0	0.2496	0.1586	2.022756	2.4485128
46	1.2	0	0.2852	0.1942	2.4272698	2.6849498
47	1	0	0.2846	0.1666	1.4653868	1.782087
48	1	0	0.3654	0.1832	1.6397332	1.7971338
49	1	0	0.279	0.3746	1.247642	1.4617342
50	1	0	0.4056	0.1854	2.0812522	1.3938174
51	1	0	0.378	0.1908	1.6473666	1.9750014
52	1	0	0.2866	0.183	2.9057542	2.803705
53	1	0	0.28	0.2286	2.3863502	2.4732452
54	1.9	0	0.289	0.1798	2.1261776	2.5778146
55	1.9	0	0.3582	0.1952	4.7235496	5.3624648
56	2	0	0.3206	0.1714	2.3759786	2.1653788
57	2	0	0.302	0.5102	1.9962978	2.4752024
58	2	0	0.3544	0.9124	2.3461328	2.2334356
59	2	0	0.3376	0.16	2.4622476	2.1668272
60	2	0	0.3202	0.6548	2.137568	2.434678
61	2	0	0.5056	0.2346	1.473927	1.808985
62	2	0	0.4176	0.2268	1.8358936	1.5966736
63	2	0	0.4274	0.2096	1.887313	2.3548266
64	2	0	0.4006	0.228	5.6309058	6.4596172
65	2	0	0.4484	0.1886	3.1502308	2.7407828
66	2	0	0.4334	0.1686	2.2409454	2.5870848
67	2.9	0	0.438	0.1992	2.6308556	2.4107728
68	3	0	0.4288	0.2102	2.500341	2.4014
69	3	0	0.4584	0.2246	2.1567166	1.9152152
70	3	0	0.4454	0.2282	2.8351508	2.3419888
71	3	0	0.4252	0.1974	2.4344772	3.0349504
72	3	0	0.452	0.17	2.158256	1.5733312
73	3	0	0.4402	0.243	2.1930596	2.158258
75	3	0	0.5252	0.2206	2.6735132	2.551004
76	3	0	0.476	0.2008	2.2564958	2.3504738
77	3.9	0	0.5616	0.2428	4.0016804	3.6978632
78	3.9	0	0.5354	0.1912	2.9664584	3.0726112
79	4	0	0.6448	0.1898	5.4303438	3.0753286
80	4	0	0.5404	0.2306	1.687005	1.7362216
81	4	0	0.5344	0.2078	2.5377752	3.2542244
82	4	0	0.5312	0.2262	2.2979092	2.7955172
84	4	0	0.5732	0.2324	3.2610416	2.1834044
85	4.3	0	0.5462	0.324	2.9751472	2.7528848
86	4.7	0	0.6292	0.248	5.562026	5.8635588
87	4.9	0	0.6804	0.2458	3.0769716	3.746572
88	5	0	0.7204	0.2104	2.8673564	2.2394576
89	5	0	0.677	0.21	2.731136	3.4868664
90	5.1	0	0.5894	0.1826	2.6351876	2.494322
91	5	0	0.6728	0.2048	3.188787	3.6097464
92	5	0	0.6466	0.225	2.569091	2.3545206
94	5.2	0	0.871	0.2082	8.5475426	6.6030306
96	5.9	0	0.8362	0.2842	6.9827028	4.746607
98	6	0	0.7858	0.2166	2.2268286	3.1067886
99	6	0	0.9854	0.2654	3.3618252	3.0638496
100	6.2	0	0.8788	0.249	2.88678	2.798352
101	6	0	0.8364	0.189	2.7962484	3.064991
102	6.9	0	0.9194	0.2062	3.3703648	3.1941964
103	6.9	0	0.7852	0.2788	2.9612908	2.896674
104	7	0	0.7904	0.208	3.4549816	3.4507522
105	7	0	0.7778	0.2282	3.2637832	3.2004048
106	7	0	0.8308	0.2226	2.6518062	2.5699958
107	7.2	0	0.9508	0.255	5.650336	6.01664
108	7.5	0	0.8382	0.2782	2.9819512	2.84039
110	8	0	0.9452	0.2406	3.14567	2.5301462
112	8	0	0.8708	0.258	3.1557304	2.9097784
114	8	0	1.1724	0.2586	3.8783436	3.0394306
115	8.5	0	1.202	0.2364	2.311623	2.0630624
116	8.9	0	0.9304	0.2298	3.5455476	2.3950002
117	8.9	0	1.2108	0.2062	3.6976224	2.917201
118	9	0	1.003	0.2436	3.3367588	2.4481752
119	9	0	1.1424	0.2498	2.832657	2.2700446
120	9	0	0.9868	0.2524	3.2877096	2.3731414
121	9	0	1.2052	0.2354	3.5365308	2.7528356
122	9.9	0	1.2788	0.3846	3.5150922	1.9604248
123	10.1	0	1.2274	0.2352	4.1490752	2.5546724
125	10	0	1.4344	0.2374	3.7253376	2.8069024
126	10	0	1.2444	0.3256	3.6039536	2.5628232
127	10.1	0	1.1772	0.2474	4.14515	2.3171628
128	10.9	0	1.0906	0.2634	3.5801716	2.6350288
129	10.9	0	1.6828	0.3174	5.4327858	5.2305522
130	11	0	1.3412	0.2398	3.790024	3.5553716
132	11	0	1.3496	0.2316	7.0328996	2.4377698
133	12.1	0	1.4832	0.4696	22.0922088	20.0697012
134	11.9	0	1.5876	0.2702	3.1987658	2.3221072
135	11.9	0	2.1894	0.2648	3.422906	2.84468
136	12	0	2.027	0.3908	7.1114502	8.8420402
137	12.1	0	1.2744	0.2714	4.2134536	2.972696
138	12.4	0	2.0606	0.2506	2.4261582	2.7043034
139	12.9	0	1.5448	0.292	3.9297362	3.4948968
140	12.9	0	1.3996	0.2386	3.6594356	2.1495352
141	12.9	0	2.1412	0.2666	4.6113554	3.457827
142	13	0	1.34	0.2798	7.321466	2.6865104
143	13.3	0	1.7148	0.2982	4.1274088	2.670356
144	13.9	0	1.891	0.3048	3.0867078	2.5604266
145	14	0	2.031	0.2686	3.9148436	2.8591356
146	14	0	1.6454	0.3216	3.6061274	2.8422842
147	13.9	0	1.7726	0.3606	6.5365062	6.9402924
148	14.4	0	1.9082	0.2648	3.654905	2.5729738
149	14.8	0	2.0532	0.3322	3.1553538	2.742072
150	14.9	0	1.5338	0.3014	3.4507564	2.847847
151	14.9	0	1.7572	0.2606	3.9349126	3.2483716
152	15.3	0	1.7194	0.287	3.3146808	2.8738952
153	15.2	0	2.558	0.2676	4.0329974	3.2547818
154	15.7	0	1.8288	0.3556	3.7156442	4.0367826
156	16.1	0	1.6514	0.283	3.7659222	3.4394474
157	16.1	0	2.0628	0.3002	7.6943174	7.5729088
159	16.7	0	2.429	0.2658	4.3285068	3.3003444
161	17.1	0	2.2802	0.2878	4.6667466	5.4106242
162	17.2	0	1.9176	0.3448	4.4019502	3.8357114
164	18.1	0	2.0204	0.326	3.5592668	3.8837242
165	17.9	0	1.767	0.2746	3.7698862	2.646145
168	17.1	0	1.98	0.2796	4.6267896	3.5545748
169	19.1	0	2.4682	0.3038	4.2147746	4.1237424
171	19	0.4	2.3052	0.4656	4.035507	4.3061768
172	19.7	0	2.0104	0.3134	4.2705634	2.7727952
174	19.9	0	2.4686	0.348	4.7822776	3.067336
175	20.1	0.6	2.273	0.339	4.5773136	5.0941338
176	20.4	0	2.3268	0.4304	5.2793942	3.6853442
177	20.9	0	3.3876	0.3674	4.5383412	2.7835424
178	20.9	0	3.364	0.3882	8.072111	6.2179344
180	21.1	0	2.6998	0.383	3.914506	3.3950508
182	21.7	0	2.3722	0.4122	5.4389278	4.6321126
183	22.6	0	2.4042	0.301	4.8200016	3.2823138
184	22.1	0	2.5486	0.4268	4.4660968	3.1521074
185	22.9	0	2.196	0.3276	4.5898064	3.2163468
187	23.5	0	3.386	0.3234	4.9904216	4.2753012
188	23.1	0	2.6536	0.3846	4.6050042	3.6486204
189	23.8	0	3.9376	0.3538	13.8336252	8.0693352
191	23.9	0	2.6418	0.3194	4.1425822	3.6812312
192	24.2	0	2.6262	0.347	4.4810758	3.4515006
193	24.9	0	3.624	0.318	4.476135	4.76547
194	27.4	0.1	3.041	0.339	22.203261	20.602565
195	24.8	0	2.6986	0.3258	5.034776	3.4705336
196	25.7	0	3.0902	0.3652	8.2806294	4.0839668
198	25.9	0	3.4368	0.3072	5.7122144	3.6445278
199	26	0	2.6196	0.3054	5.3902136	4.9188028
200	26.9	0	2.7296	0.4184	5.8504208	4.7066468
202	27.1	0	2.7916	0.3264	4.5104994	3.894882
203	27.1	0	2.843	0.3158	5.319061	4.1830548
204	27.8	0	3.2788	0.3772	4.3912616	3.4086674
205	31.1	0.1	3.7638	0.417	24.2830296	20.4892232
206	27.9	0	2.7694	0.327	5.7297736	4.4008456
207	28.3	0	3.7598	0.3738	4.5272006	5.3834696
208	28.9	0	3.4834	0.5514	5.1754554	3.5623124
209	28.9	0	3.342	0.3498	4.721393	3.876561
210	29.3	0	3.3272	0.3166	4.3952568	4.2217188
211	29.9	0	3.3696	0.3334	3.7262292	3.6807742
212	30.2	0.1	4.1816	0.3846	6.5735498	4.5425664
213	29.9	0	3.8542	0.4192	4.7007758	2.9210078
215	30.9	0	4.1796	0.3506	6.0626796	4.7299074
216	30.9	0	3.2948	0.3398	6.2175224	4.8245326
217	31.5	0	3.1072	0.308	5.4018484	4.2023564
218	31.8	0.2	4.325	0.5056	3.759813	3.8897916
220	32	0.2	4.9348	0.3676	4.128001	4.6636392
221	32.1	0	3.2698	0.353	5.0527856	3.688536
223	33.9	0	4.0548	0.4024	3.7932432	3.9320692
224	33.4	0	3.3042	0.3978	5.3544766	4.2033292
225	33.8	0	3.1332	0.3934	10.0152496	4.2333588
228	35.1	0.2	3.4474	0.4226	5.7469232	4.3233276
229	35.1	0.2	3.5066	0.3456	5.5868992	5.102058
230	35.4	0	4.5598	0.5056	6.7657084	4.085918
231	35.3	0.4	4.6258	0.4054	4.4189964	3.968318
232	35.9	0.2	4.1508	0.3982	4.8440118	3.6899196
233	36.2	0	3.4954	0.3714	5.686392	5.0839144
234	36.4	0	4.4796	0.3564	6.3684606	3.2254674
235	37.7	0.5	5.0628	0.4734	5.9957914	3.633282
236	36.8	0.9	4.749	0.478	6.1193114	3.710549
237	37.1	0.2	4.5604	0.4392	7.5805176	5.174824
238	38.1	0	4.2134	0.3682	6.12664	4.2969328
240	38.3	1	4.8334	0.4156	5.2579296	4.8058338
241	38.6	1	5.2434	0.4242	5.8650554	3.8606912
242	38.8	0.7	4.2534	0.455	7.3119044	4.4168978
243	39.1	0.5	5.2652	0.3716	7.1419924	4.069651
245	39.8	1	5.194	0.4256	5.1716876	3.8370472
246	40.2	0.2	3.7872	0.373	4.889461	5.7152942
247	40.8	1	5.2546	0.4058	7.4822544	4.6644674
250	41.8	1	5.9344	0.4492	6.7671292	5.2714638
251	42.8	1	5.419	0.3882	6.4940418	4.9655692
252	42.1	1	5.5956	0.429	7.1559824	6.6735198
253	42.9	1	4.5924	0.4442	6.2374018	3.537372
255	43.4	1	6.0108	0.3762	3.6129944	4.6433512
256	44.1	1	4.5294	0.39	7.7391904	4.588178
257	44.3	1	4.7508	0.4166	6.3368718	3.7397012
258	43.9	1	5.9066	0.4716	6.1386176	4.820569
260	45	1	4.8456	0.447	7.5604012	5.6593152
261	45.7	1	4.2432	0.3916	5.327093	4.546788
262	46.5	1	4.8192	0.4	6.414925	5.1545472
264	46.8	1	5.3776	0.432	6.368226	3.410992
265	46.8	1	4.759	0.4378	6.7425784	4.9050302
266	47	1	5.036	0.4294	5.7749358	3.128704
267	47.3	1	5.664	0.4748	8.255364	5.0354106
268	49.4	1	6.3068	0.5582	5.4831686	4.5727938
269	48.2	1	5.104	0.5462	4.6304066	4.5455118
270	48.8	1	4.5152	0.5024	6.9859854	4.1848872
273	50.1	1	5.522	0.4214	8.246978	5.4705628
275	50.7	1	4.874	0.4104	5.9070068	5.1478164
276	50.9	1	5.6352	0.4648	6.3411906	3.0451262
278	51.7	1	6.0032	0.431	9.7808698	4.6167176
279	55.1	1	5.8562	0.6666	6.811651	4.8740898
280	52.6	1	5.232	0.4106	5.6712456	4.073154
281	53.2	1	5.6718	0.4474	7.8219844	5.6460452
282	53.8	1	6.046	0.5266	4.5429648	4.7240782
283	53.6	1	7.4028	0.4214	9.2343208	5.3817744
285	54.8	1	6.0466	0.4224	5.3765024	3.882552
286	56.4	1	8.0034	0.482	5.4379672	4.0003708
287	54.9	1	6.4294	0.507	11.826226	4.9622746
288	55.5	1	6.5224	0.5504	5.5735962	3.5282054
290	56.6	1	5.2992	0.4592	6.7408016	5.5248318
291	57	1	6.334	0.4558	6.7248884	4.4804758
292	59.6	1	6.6796	0.4932	6.6888174	3.96962
293	57.3	1	6.5726	0.5006	7.2076238	4.4730906
294	58.1	1	7.1242	0.494	5.7427382	4.7209928
295	58.6	1	5.699	0.4282	6.6389668	4.9667352
297	59.8	1	6.3962	0.4672	8.6302348	5.0071952
299	59.9	1	6.5236	0.4394	6.2556398	5.9202432
300	60.5	1	6.2768	0.4166	7.2503332	4.8879084
301	61.8	1	7.019	0.5606	7.319358	5.5253752
302	61.2	1	6.2998	0.4638	7.564294	5.1679968
303	62.6	1	6.9802	0.5386	5.5723292	7.438633
304	61.9	1	6.1852	0.4932	7.829406	5.4455632
305	65.1	1	8.1786	0.5168	6.6183452	3.7835642
306	63.1	1	6.8408	0.4768	9.6803062	5.5280898
307	69.8	1	7.3328	0.5194	33.360324	28.6342552
308	63.7	1	7.5154	0.4528	7.7482172	5.91549
309	64.8	1	6.3338	0.4402	7.64417	4.771994
310	65.4	1	7.2252	0.518	6.6920204	4.368584
311	64.7	1	7.5864	0.5894	6.6239838	5.6544716
312	65.1	1	6.933	0.5624	7.6655618	5.2025924
313	66	1	7.6076	0.6018	8.7831588	5.7742496
315	66.3	1	7.3996	0.5444	9.0526738	4.7015858
316	69.3	1	8.525	0.5674	7.4296696	3.2614176
317	68.4	1	9.344	0.5008	7.5883302	4.1613588
318	68	1	7.232	0.4586	7.470522	4.708407
319	67.6	1	8.035	0.5512	6.829166	4.7020334
322	69	1	9.1644	0.5604	7.0464292	4.7914954
324	70.5	1	6.5866	0.4996	8.3189624	6.0208688
325	70.8	1	9.8136	0.5474	10.1715102	5.9509582
326	71.3	1	8.522	0.6142	9.183366	4.8403948
327	72.2	1	7.1862	0.4658	8.3053892	5.248972
328	79.4	1.4	8.6552	0.6104	32.2098574	24.5698328
329	72.7	1	9.983	0.5114	7.8241214	4.1085502
330	73	1	7.1142	0.4688	8.6604728	5.1881572
331	74.1	1	7.63	0.705	6.2007592	5.7572626
333	74.2	1	8.7428	0.5854	6.3361036	4.8681236
336	71	1	10.0628	0.5804	8.3489004	5.6932336
337	76.1	1	11.4792	0.6148	7.9850226	4.3090998
338	79.1	1	7.993	0.6266	8.3492534	6.6600448
339	76.9	1	7.428	0.4858	8.4604296	3.148297
340	79	1	9.298	0.5878	6.1292686	4.0295818
341	77.7	1	10.056	0.5618	8.1301144	4.5329672
342	82.2	1	7.6178	0.496	8.7916	4.8988456
343	78.9	1	8.0578	0.5222	8.3131356	6.0963176
344	79.2	1	9.3038	0.6294	10.1110254	5.0457216
345	80.4	1	9.2678	0.5876	6.3340332	5.6091704
346	80.2	1	9.2902	0.5864	10.9360452	6.344248
348	80.8	1	11.544	0.7054	8.0488338	5.0058728
350	82.1	1	10.2408	0.5638	10.5892618	5.5657816
351	82.4	1	8.896	0.536	8.1957554	6.2599628
352	82.8	1	9.3132	0.5452	7.2089916	5.22431
354	83.5	1	10.964	0.6032	10.466751	5.2215412
355	84.8	1	10.2544	0.5022	9.0565212	3.8878098
356	84.8	1	8.3698	0.5626	12.2743076	5.9902228
357	85.4	1	8.3742	0.5268	8.8412432	5.3837536
358	95.1	1.1	10.2046	0.6648	26.1695916	24.6376614
360	87	1	9.5652	0.6028	6.721535	5.1508626
362	87.8	1	11.1042	0.5234	9.913854	4.7315214
363	88.5	1	10.073	0.6844	7.5181742	4.6207108
364	82.4	1	8.961	0.5276	9.931218	5.5587872
365	89.3	1	12.886	0.8966	10.7362644	5.9220672
367	90.5	1	10.2002	0.5762	9.801385	6.8064702
368	91	1	9.4352	0.6084	10.002364	5.1995212
369	101	1.1	11.942	0.5944	30.4321508	25.8386946
370	95.8	1	9.735	0.5662	10.1771976	6.0599926
371	92.2	1	11.2204	0.5604	9.946534	5.378196
372	92.8	1.2	10.5132	0.7082	12.280525	4.1111742
374	93.7	1	11.768	0.6906	9.4057848	5.6943336
375	95	1.2	10.9974	0.548	7.407058	6.85737
376	94.8	1	10.61	0.6838	15.077823	5.7622408
377	96.3	1	9.6972	0.569	11.3802156	4.6608652
378	95.5	1	11.216	1.011	17.5493012	6.6545808
379	100.3	1	10.3894	0.6258	8.1146772	4.7971658
382	97.5	1	11.356	0.64	8.4912082	6.1576782
383	105.7	1	9.1934	0.55	10.6931196	5.6262132
384	100.1	1.1	9.6402	0.5682	8.7535736	6.6391688
385	99.3	1	14.43	0.8088	7.7664694	5.0725502
387	100.5	1	11.684	0.7244	11.001949	4.191844
388	105.4	1	13.898	0.5858	14.3588838	8.800301
389	112.6	1.1	14.688	0.6372	32.1430446	29.678584
390	102.6	1	11.988	0.6334	11.0363632	6.6417398
391	102.6	1	12.41	1.1016	7.2464586	5.5761378
392	103.1	1	10.49	0.7968	7.8276576	5.0259318
393	105	1	13.082	0.5956	8.0555546	4.6648776
395	104.9	1	11.77	0.7148	9.3123172	5.7585392
396	105.1	1	11.472	0.6542	11.1220254	5.8468452
397	105.6	1	13.052	0.5536	10.83546	6.1454786
398	106.4	1	11.732	0.5448	11.2358808	6.899482
399	106.9	1.2	12.368	0.618	15.2183218	8.1261428
400	107.6	1	12.096	0.6252	10.61918	6.6406434
402	110.1	1	13.08	0.7254	10.7787382	3.5620962
403	109.2	1	10.916	0.7586	6.0312602	8.0705184
404	111.7	1	14.958	0.7612	8.3391616	6.7993554
405	109.9	1	13.034	0.573	11.7392204	6.8325416
406	110.6	1	10.738	0.555	12.0160468	6.8591216
407	112.9	1	14.03	0.6222	8.5662674	5.4311834
408	111.3	1	12.632	0.7924	13.0032508	6.597953
409	112.6	1	16.622	0.6134	13.3580772	7.5948762
410	114	1	11.384	0.678	8.607669	4.4649234
411	113.9	1	13.776	0.6952	9.7741082	4.3365586
412	114.2	1	12.672	0.5478	11.6780344	5.8191696
413	114.8	1	10.682	0.6042	12.0642644	7.6529356
414	115.7	1	12.55	0.7228	9.6991618	4.5911348
416	115.7	1	12.7	0.6552	11.220255	6.7087578
418	117.8	1	12.826	0.7	8.8965922	8.3926124
419	118.5	1	15.338	0.699	20.521043	10.072588
420	117.9	1.3	14.358	1.0286	11.738605	9.1119136
423	120.5	1	14.908	0.7956	7.418297	4.1788434
424	120.7	1.2	13.852	0.5888	12.0171864	5.7836152
425	120.9	1	14.508	0.6458	10.1137634	4.8034416
426	126.5	1	14.712	0.7	13.6565092	6.5230006
427	122.4	1	13.288	0.6828	12.0314502	5.2036966
428	123.1	1	15.186	0.7224	9.4835914	5.057754
429	123.2	1	14.43	0.6376	10.551819	4.7789202
430	124.1	1	14.04	1.0732	11.1535184	5.9966328
432	125.3	1	11.82	0.7142	12.3747584	6.3366832
433	126.6	1	14.172	0.641	12.5209952	8.0049912
434	126.8	1	18.45	1.0322	6.9296172	5.5972074
435	127.3	1	11.084	0.5714	10.7024584	5.6830952
437	128.3	1	16.666	0.863	12.0285748	6.6384398
438	129.3	1	17.224	0.6628	11.1161644	5.3711466
440	129.1	1	15.542	0.686	9.9185372	5.5881758
441	130	1.1	16.946	0.6922	12.6030874	5.8662992
442	132.2	1	14.884	0.6238	12.4932602	5.1222336
444	132.3	1	17.29	0.706	9.8496248	7.2831354
445	133	1.1	16.53	0.9094	12.4268308	7.5399988
446	133.2	1	14.588	0.6742	9.9433096	4.9568486
448	133.9	1	14.58	0.6448	9.82852	6.5671252
449	135.9	1	12.884	0.7436	15.9471892	6.992348
450	135.8	1.3	15.686	0.9518	11.5346526	4.129381
451	136.4	1.3	15.92	1.0998	12.8338916	8.3467606
453	137.7	1	13.784	0.6456	11.2285844	8.4085032
455	138.1	1	15.224	0.6412	10.0331196	5.8668152
456	140.4	1.2	14.418	0.6288	11.766727	4.6072248
457	142.5	1.2	13.408	0.5994	15.5393408	6.88669
458	142.5	1.2	17.612	0.799	10.1310018	5.6209636
459	141.6	1	15.768	0.6838	12.5289696	6.9894012
460	141.4	1.2	15.064	0.871	8.0094268	5.5896902
461	143.1	1.2	18.374	0.7648	11.7108866	4.9683112
462	142.4	1.7	16.966	0.8276	13.348126	7.2426382
463	143.5	1	17.442	0.6858	10.1833484	5.5528222
464	145.5	1.2	13.588	0.6118	12.3493842	6.7403584
465	145.4	1.2	14.736	0.6542	11.229885	4.6634744
467	148.3	1	14.752	0.728	13.271028	5.4142396
468	147.5	1.4	23.222	0.6702	10.0169238	3.6959142
470	148.7	1.3	15.96	1.0444	8.3338622	5.4263198
471	148.7	1.9	15.76	0.7016	9.624958	5.016238
472	149.2	2	17.178	0.771	11.9220028	7.6813432
473	149.7	1.9	16.688	0.6862	10.2655816	161.057394
475	152	1.2	16.988	0.6268	13.5566312	4.0875566
476	154.2	1.1	13.908	1.6744	15.4027512	6.2164948
477	152.9	1.4	21.478	0.766	11.7604438	8.771645
478	154.1	1	14.304	0.6266	13.59512	6.1498252
480	155.2	1.7	16.526	1.0766	10.8581698	4.4551966
481	154.9	2	18.746	0.6784	11.1171088	5.7064398
483	156.3	2	18.696	0.997	8.123993	6.1415904
484	156.5	2	16.964	0.715	12.7570662	5.3742314
486	158.8	1.7	16.37	1.0046	18.9619968	6.7254054
487	161.8	1.9	22.588	0.8934	14.798109	7.3876776
490	160.8	2	17.496	1.195	12.2080354	6.748093
492	162.7	2	18.536	0.7164	11.09819	6.986688
493	163	1.6	14.912	0.65	14.1486628	5.0451676
494	164	2	18.81	0.7468	8.275061	4.557513
495	163.4	2	19.924	0.8894	11.6276966	109.485329
497	167.4	2	23.478	0.8102	15.6290596	7.3906464
498	167.1	1.8	17.602	0.9004	14.451696	8.307654
499	167.5	2	17.208	0.692	18.4277208	6.6582612
500	168.2	2	17.32	1.3756	16.6595284	7.7925604
501	168.7	1.9	14.986	0.6564	14.5415916	10.4537768
502	170.4	2	17.858	0.817	13.1993294	7.1542656
503	170.1	2	17.87	0.7502	13.6056096	5.6235052
504	170.4	2	21.584	0.832	18.5675754	32.1013966
505	170.7	2	17.974	0.8662	8.3745262	4.6297364
506	170.9	2	19.842	0.7802	17.9059228	4.5197178
507	173	2	18.086	0.7958	14.4303292	7.3569316
508	173.8	2	17.302	0.7194	16.2546332	5.0417376
510	174.7	2	17.506	0.79	16.4113028	8.3478544
512	178.9	2	20.058	0.7532	16.9249592	8.5919216
513	177	2	17.056	0.6944	18.345576	6.7301572
514	177.1	2	23.906	0.7788	17.5512074	7.1311978
516	177.8	2	22.976	0.8286	14.468636	6.7503546
517	178.3	2	21.532	1.0042	13.3543154	5.8431872
518	180.9	2	16.74	0.817	15.7940088	6.943646
520	182.4	2	19.166	0.9226	17.4882136	8.0041296
522	183.2	2	21.162	0.7556	15.7111076	11.576692
525	184.9	2	19.344	0.8466	13.9960458	8.370242
526	185.1	2	22.9	0.7936	13.7638354	7.1409198
527	186.5	2	18.758	0.702	14.1504234	8.3502938
528	187	2	20.788	0.94	12.4448008	6.3167044
529	189.4	2	22.116	1.0012	12.5467056	5.9278104
530	188.8	2	20.418	0.733	17.9456048	8.4305716
531	190.6	2	19.222	0.9366	15.834667	5.7220738
532	190.3	2	17.468	0.8308	16.6351684	6.1536364
533	173.2	2	21.488	0.7292	18.6035364	9.4031012
535	191.7	2	21.21	0.8318	20.330184	7.6071316
536	193.5	2	18.272	0.6746	16.5037392	9.7084434
537	192.4	2	21.186	0.7942	15.4940152	8.1199278
539	191.5	2	23.784	0.8332	14.3909466	5.7035114
540	195.1	2	20.822	0.9174	9.6440574	5.8472348
541	196.4	2	18.63	0.8708	16.9847248	10.8737758
543	199.6	2	23.238	0.7416	13.8302292	8.4901248
545	200.9	2	18.81	0.6978	14.6350972	6.5117932
546	199	2	22.382	0.925	17.4912748	7.0436816
548	200.8	2	22.002	0.8214	18.8923416	8.0424764
550	203.6	2	19.924	0.825	19.2561748	8.1665662
551	202	2	25.238	0.8694	12.075842	5.1884926
552	204.7	2	23.496	0.7956	15.2852998	4.973456
553	205.6	2	22.77	0.8204	18.3768908	7.7406108
555	207.2	2.2	20.336	0.8362	17.1665508	6.2201548
556	206.8	2	26.178	0.8688	20.3419868	8.5703616
559	210.2	2	26.15	0.8292	16.3091416	7.5978054
560	212.1	2	19.334	0.717	15.6880724	5.3003108
561	210.8	2	22.724	0.842	16.5679404	5.9106162
562	212.4	2.3	23.402	0.9078	10.2228468	5.055588
563	213.3	2	25.246	0.8076	13.7768358	7.4861406
564	213.4	2	24.268	0.888	12.8699586	9.902819
565	215.2	2	19.282	0.864	17.4499756	6.3406596
567	215.4	2	26.572	0.897	18.6864838	9.4555206
569	216.2	2	26.442	1.449	16.5888452	7.8239048
570	220.4	2.2	27.194	0.8356	14.3333914	7.012922
572	218.1	2	25.314	0.9196	14.3974488	6.4384194
573	220.1	2	21.694	0.837	21.97919	43.4493388
574	221.2	2	25.708	0.7568	18.4573824	12.2713288
575	221.9	2	20.696	0.7852	19.1211564	4.9306372
576	222.5	2	24.524	0.9802	17.3411438	6.4277522
577	221	2	24.664	0.8534	15.5082828	7.8115348
580	225.8	2	27.904	0.9162	17.4743522	7.3585564
583	229.3	2	22.538	0.8762	13.7579762	8.086934
584	230.1	2	25.836	0.7794	21.6586612	6.3906944
585	229.6	2	28.008	0.863	10.536307	5.0277554
586	229.9	2	24.448	0.9404	11.019099	5.4093992
587	231.5	2	27.532	0.8746	13.0194284	6.9523558
588	229.4	2	26.86	0.9866	15.8262498	7.9545742
590	234.3	2	29.176	0.765	21.317648	6.77465
591	233.1	2	28.05	4.2844	18.8398582	9.7228552
594	237.2	2	28.202	0.8966	14.490148	6.2136572
596	237.8	2	28.368	0.8986	13.3196346	5.1925282
598	240	2	25.19	0.876	16.3829154	5.1908094
599	240.9	2	24.698	0.7896	14.8273434	6.8046656
600	241.4	2	33.488	0.8774	10.9062374	5.7913972
602	242.7	2	26.068	1.1524	20.430356	9.3106392
604	249.5	2	24.324	0.9504	20.006296	4.6567468
605	244.8	2	29.86	0.9394	12.11644	7.3982216
607	246.7	2	29.164	0.9504	12.311202	6.3417862
609	249.1	2	26.894	0.937	19.345572	7.906621
611	250.6	2	27.452	1.2802	15.9018882	6.4866892
612	251	2.1	29.094	0.8552	18.7956788	9.0689878
615	257.8	2	28.992	0.7632	20.758774	5.5636248
616	254.7	2	25.442	0.864	19.8414364	6.036462
618	255	2	30.246	0.9424	14.7094058	5.3854876
619	256.7	2	27.962	1.8764	23.7600598	8.2219954
621	259.2	2	31.236	0.9848	11.7638906	5.2870018
622	259.1	2	29.978	0.9878	14.2832668	7.7000692
623	261	2	23.24	0.8628	21.2075384	5.1736368
624	261.3	2.1	26.566	0.961	15.6009528	5.5022166
625	262.7	2	31.96	1.152	23.5223956	9.1221708
627	262.8	2	27.792	1.0938	12.7345266	7.8632568
630	264.9	2	30.178	1.0588	20.473212	7.7680278
632	267.6	2	30.998	0.8978	15.6647782	6.869954
634	269.7	2	24.12	0.9962	21.77642	4.5754012
635	299.5	2.1	30.174	1.0938	40.5465622	31.5623018
636	271.1	2	30.962	1.1538	14.1685128	7.8195406
637	271.4	2.1	27.454	0.9526	22.50182	8.8678026
638	272.3	2	29.158	1.0578	13.4967576	6.7083152
640	274	2.4	30.016	1.0818	25.1769854	9.2417338
641	275.9	2	29.572	0.9468	12.9446714	6.8143378
644	278.9	2	32	1.103	14.6640856	6.1154496
645	279.2	2.2	30.12	0.9412	23.7022656	9.1537586
646	281.3	2.2	30.91	0.9066	13.9366756	5.6851108
648	281.8	2	31.296	0.9836	21.460997	7.6583498
649	282.5	2	30.538	0.9654	13.5482172	7.4645978
650	282.9	2	27.412	0.9138	23.9968324	8.4273532
651	284.3	2	30.546	1.3886	24.779271	9.2764162
652	284.6	2	29.48	1.0482	15.351596	7.9257098
655	287.5	2	32.642	0.9304	18.4903382	8.198086
656	319.8	2.1	32.05	1.144	43.8802926	36.5747624
658	289.7	2	33.426	1.1348	13.7628106	6.9748884
660	265.4	2.2	31.976	0.9372	23.3126548	7.196269
661	292.7	2	31.564	1.025	22.1537768	8.8323298
662	293.8	2	31.392	0.8896	23.6655712	9.0309444
663	295.1	2.1	30.33	0.988	14.0822646	5.770717
666	297.8	2	31.808	1.1008	24.7778866	7.0453738
667	299.9	2	26.476	0.9454	23.9348644	5.4863392
669	299.4	2	30.616	0.9974	15.5742302	7.941018
671	304.7	2.2	31.672	1.0262	16.8392484	6.8964318
672	300.5	2.2	33.402	1.265	18.9694804	9.0866348
673	303.6	2.6	32.09	1.152	22.264494	7.7877154
675	305.5	2	31.688	1.274	16.6226532	6.0814966
676	307.9	2	33.666	0.8978	24.8668148	6.9576924
677	309.7	2.1	32.602	1.164	18.5711386	9.90753
678	309.6	2.1	32.992	1.4002	14.3859706	7.4862034
681	312.6	2.1	32.32	1.2838	21.782547	6.3579444
682	311.4	2.2	36.038	1.2664	19.1807006	14.0421886
684	318	2	32.534	1.0482	19.2561132	6.4608946
686	316	2.2	35.644	0.9496	22.553302	7.0332368
687	317.7	2	34.99	1.0676	25.613122	6.4441238
688	317.2	2.3	38.716	1.2304	22.467185	7.540171
689	319.2	2	30.624	1.503	24.902649	12.5217368
690	320.4	2.6	33.882	1.0468	14.6484406	5.5877556
693	322.9	2.2	33.482	1.725	15.753523	5.757712
696	325.4	2.3	33.69	1.0312	23.6727482	7.0548244
697	327.7	2.5	35.236	1.0696	14.9197838	8.5316938
698	327.3	2.8	37.372	0.9814	18.6638134	9.6641516
700	328.4	2	35.94	1.1046	25.6635032	8.1403584
701	330.9	2	29.8	0.9114	26.1811612	8.0521044
702	331.6	2.3	32.542	1.0254	22.226996	4.6078522
703	331.9	3.2	36.306	1.6688	25.1268418	11.1555958
704	331.5	2.6	40.098	1.1294	15.936568	6.1744966
705	333.3	2.6	33.398	1.2612	15.8221168	9.1985658
707	374.8	3.1	36.794	1.4992	45.9925366	38.4558452
708	335.5	2.6	35.87	1.436	17.7339708	6.7798112
709	339.3	2.9	36.096	1.1584	25.4879208	8.134255
710	338.8	2.4	33.77	0.9714	21.5461108	6.9433084
712	341.5	2	34.294	1.1472	21.1969164	7.4517056
713	306.7	2.8	39.082	1.018	15.2670182	6.6046306
714	342.2	3	36.89	1.2192	29.5534436	8.3820128
715	343.5	2.1	35.978	0.915	30.7551336	5.5800116
716	345.7	2.7	35.7	1.0892	20.6870054	5.6766674
717	391.3	3.1	44.242	1.155	48.5881228	67.8052638
720	347	3	40.968	1.0202	17.8309336	6.9208974
722	350.4	3	34.38	1.1532	26.0713304	6.9685308
724	350.2	3	38.118	1.2442	38.0916976	8.7475372
725	353.2	2.5	34.074	1.1058	25.0694946	10.4631652
726	354.6	2	31.896	0.9292	30.1323624	6.356366
727	395.4	3.1	39.626	1.2388	51.7886364	29.3092892
728	352.8	3	36.906	0.9692	22.808099	5.330126
729	358.8	2.6	33.55	1.0642	27.9006516	5.9276814
731	355.7	3	37.662	1.1494	17.2696552	5.7391322
732	363.7	3	37.376	0.9886	20.2359002	6.0585818
735	357.4	3	47.176	1.1816	28.0547754	8.8253582
736	362.7	3	42.362	1.0684	17.0832496	6.3700248
737	363.3	3	38.602	1.2576	16.3031118	6.6678028
738	404.8	3.1	40.858	1.1924	50.7891902	30.1554192
739	365.1	3	35.686	0.9458	27.5605512	8.1161744
740	367.8	3	37.99	1.202	17.3289976	5.590771
741	369.7	2.4	37.258	1.0304	32.7994428	4.2055372
742	370.7	2.4	35.28	1.0368	30.0478756	5.1750864
744	371.7	3	36.97	1.0226	24.6579782	6.2108854
745	380.3	3	40.666	1.2918	29.3468146	9.1450934
747	377.2	3	36.292	1.1028	25.9788364	8.4132496
748	376	3	39.4	1.3762	17.0037282	6.6146718
750	377.2	3	37.69	0.986	27.5888534	10.5662772
752	377.8	3	46.192	1.2998	17.81527	7.4103452
753	383.4	3	41.306	1.0566	20.7578148	7.6018626
754	382.5	3	38.102	0.9748	29.8687852	14.4785588
755	383.2	2.9	34.984	0.9808	26.7026618	3.7958816
756	383.8	3	38.362	1.0602	25.503943	9.0411448
758	428.4	3.1	42.746	1.2374	47.6584174	38.831889
759	386.2	3	38.66	0.9982	26.796788	7.2691054
762	390.7	3	38.496	1.2236	32.4937248	10.6156832
763	390.4	3	43.834	1.3754	18.1367152	8.465753
765	393.3	3	42.246	1.3064	21.0629216	6.7085902
766	392.6	3	44.282	1.3016	36.89896	9.4950344
767	396.6	3	37.72	1.9328	27.90051	12.1615122
768	395.6	3	46.168	1.0448	25.2175256	5.6727108
769	399.1	3	42.466	1.1752	36.7270444	6.4794064
770	397.6	3	46.286	1.1086	19.7562348	7.6946986
771	398.4	3.2	39.02	1.092	25.2692858	9.041261
774	400.4	3	42.646	1.2962	20.3350908	13.1355548
775	404.1	3	39.884	1.0036	32.477242	5.6850308
776	403.5	3	42.246	1.135	21.2544926	6.8649252
777	402.6	3	43.558	1.1572	33.6274132	10.5992836
779	453.3	3.1	44.746	1.1244	60.449245	33.3049226
780	408.4	2.9	36.592	0.9754	28.0863898	3.426318
781	410.9	3	38.872	0.9938	31.419272	4.9205808
782	408.8	3	41.554	1.3526	22.3617034	8.047866
783	412.4	3	45.444	1.0886	35.5607608	6.5272276
784	409.4	3	43.664	1.3444	19.1725566	9.7440106
787	412.8	3	53.972	1.4202	30.6348482	8.7965602
789	466.5	3.1	47.878	1.1632	54.6524074	52.4218408
790	419.3	3	39.798	1.0382	31.873577	13.860576
792	421.2	3.3	43.886	1.3342	17.9489738	7.7983422
793	421.4	3	42.544	1.1362	18.7249718	6.791619
795	423.3	3.2	44.794	1.1862	26.3860838	16.8414178
796	429	3	39.36	2.1164	34.2547196	6.9045412
797	430.2	3	38.852	1.0376	33.5561272	9.8741372
798	427.9	3	45.006	1.1324	23.275342	6.3379366
799	426.1	3	43.572	1.282	20.4340364	6.6333324
800	429.8	3	47.474	1.1162	34.291068	9.8781592
803	433.9	3	45.376	1.3276	23.0163064	9.4073766
804	437.3	3	42.666	1.335	30.871272	7.1164048
805	436.8	3	45.676	1.0994	26.9727766	7.2629226
806	436.5	3.2	42.434	1.2094	30.3924724	8.1958054
808	437.9	3.2	48.536	1.3286	31.3184374	11.1663648
809	486.8	3.3	48.302	1.49	58.0840222	31.2752788
810	439	3.1	46.414	1.2494	32.4208206	6.9203296
811	443.3	3	38.614	1.3978	34.1901064	6.0760908
812	443.3	3.1	45.108	1.393	33.7690832	10.0630688
814	446.7	3	47.658	1.141	20.0418524	7.5141656
816	445.1	3	45.984	1.2598	18.6521754	6.2081436
817	449.5	3	47.496	1.2102	20.3554928	8.8279946
819	451.9	3	42.004	1.165	39.3262872	6.3897858
820	456	3	44.562	1.7114	29.6077302	6.9868452
821	452.8	3	47.766	1.1984	38.713914	6.2176716
822	406.6	3	46.624	1.248	30.1690748	5.7319132
823	456.5	3	42.884	1.0202	35.275112	7.277446
825	458.1	3	40.032	1.1426	34.7488752	8.0294696
826	459.2	3	39.562	1.2776	44.8634312	7.4626488
827	457.1	3	48.696	1.17	20.1706844	7.536445
828	461.9	3.1	47.846	1.0576	31.4628666	11.4671286
829	461.4	3	50.81	1.2052	36.6179226	12.9915132
830	514.3	3.1	50.344	1.41	58.7995818	29.7793152
832	465.2	3	48.134	1.1414	23.0570216	7.0232564
833	466.6	3	45.798	1.1486	34.5613506	9.026925
834	470.5	3.1	47.744	1.2116	29.4244232	7.0654984
836	468.4	3	49.368	1.1476	20.4826596	8.1285214
837	472.1	3	42.868	1.1684	35.7702656	6.7192724
838	470	3.2	51.136	1.9144	20.472734	10.7970962
839	474.3	3	48.136	1.2172	36.4276268	7.40895
840	474	3	48.194	1.2334	25.4365862	7.9447814
841	478.2	3	42.714	1.0214	41.6344416	5.7899696
843	481.8	3	54.884	1.2636	21.140171	7.8629718
845	480.7	3	46.568	1.2534	41.8473432	8.2856552
846	490.1	3	48.168	1.2158	25.7846056	5.6003092
847	481.4	3	50.146	1.4058	25.1731432	7.5942244
848	484.4	3	54.368	1.2558	35.5793114	4.7553758
849	481.6	3	51.696	1.7836	22.4343352	8.707996
850	481.5	3	52.064	1.4676	32.9148108	10.3387266
851	495.8	3	51.016	1.2358	20.3149496	6.2191318
852	486.5	3.1	48.512	1.3424	34.2729468	7.2764386
854	492.7	3.1	43.73	1.0606	37.3822724	6.5444444
855	490.9	3	51.12	1.2294	28.8876022	6.998715
857	491.4	3	50.184	1.5342	34.5198488	6.5241788
858	495.5	3	51.25	1.4496	21.584282	6.833371
860	492.9	3	54.312	1.2556	21.6478436	8.6300262
861	464	3.7	66.282	1.8034	61.3644414	32.1683606
862	500.9	3	47.706	1.2698	44.8812748	12.9451344
864	499.4	3	49.51	1.1618	40.5252216	6.1535684
866	503.7	3	52.952	1.3826	21.9547502	7.1652376
867	505.8	3	49.23	1.8412	40.5582312	9.3094912
868	507.5	3	44.662	1.3586	44.8456044	8.04318
869	505.7	3	48.62	1.6364	42.700007	13.2544234
870	509.3	3	44.452	1.6154	47.0744476	7.1219232
871	509.2	3	55.598	2.7242	34.1472908	10.1031044
874	519.3	3	47.014	1.131	34.8404708	7.4965312
875	515.9	3	49.608	1.2798	46.7241064	29.1859764
876	516.6	3.2	50.406	1.2762	34.066275	6.7710804
877	517	3.1	53.766	1.1996	27.0778672	6.7051952
879	520.6	3	49.962	1.5112	46.9797784	8.7642572
880	524	3	49.27	1.2992	39.8350084	6.4118328
881	518.8	3	54.574	1.247	22.7516344	7.8468716
882	521.3	3	50.716	1.1504	42.4869674	9.0907762
883	525.2	3	45.884	1.1302	42.406661	7.2932932
884	526.2	3.2	48.722	1.1644	40.3997428	7.3864664
885	525.4	3	53.184	1.2018	40.3838048	6.6741522
887	529.9	3	52.246	1.5394	44.403873	17.091116
888	530.8	3.2	56.074	1.4884	27.1562028	6.4410088
891	535.4	3	55.504	1.506	35.7800668	8.5105068
892	535.1	3	58.25	1.5626	29.3401722	10.8314346
893	540.7	3	55.022	1.1778	34.3949898	6.4959872
894	539.4	3	52.262	1.2954	43.6097154	6.8927282
896	542.3	3	51.724	1.3248	41.0537658	7.0467732
897	542	3	51.174	1.272	40.7397984	8.172473
899	542.5	3	46.58	1.5776	52.51993	7.7952452
900	544.4	3	52.27	1.1878	50.247494	8.8611972
901	546.1	3	51.062	1.296	37.854905	8.385316
902	542	3.4	56.936	1.7572	24.9751668	7.637378
903	548.9	3.6	75.92	1.511	23.537043	8.7757948
904	551.3	3	55.2	1.5216	25.9556996	5.8157384
905	553.8	3	53.192	1.2192	45.8094784	11.512994
906	555.9	3	55.632	1.2988	33.7462226	8.136529
907	557.1	3	49.724	1.2894	36.8209382	7.163963
908	557.9	3	55.752	1.3362	34.6998728	7.297467
910	557.9	3.2	52.278	1.5616	33.5820992	5.7893444
911	555.7	3	57.618	1.2578	32.8778362	9.0574912
912	558	3	53.786	1.1922	49.7365072	12.8130644
913	554.7	3.9	67.46	1.8234	43.063754	11.645801
914	562.3	3	50.008	1.0784	37.3210906	8.6077472
915	565.1	3	50.016	1.0642	42.3943184	7.6483576
916	568.6	3	56.638	1.4778	35.838988	7.0764534
918	566.3	3	53.626	1.1444	45.4286344	6.1175832
920	573.5	3.2	60.05	1.3236	38.8056152	9.9279114
921	575.1	3.2	52.25	1.5976	42.1069472	5.2672226
922	567.7	3.2	59.02	1.5806	38.263921	8.6867328
923	575.5	3	53.182	1.1942	43.3240112	9.645994
924	569.2	4	63.94	1.998	41.8207566	10.9079566
925	578	3	55.18	1.7862	42.1644848	15.0367518
926	584.8	3	50.874	1.128	50.7227836	7.0261952
927	578.3	3	54.102	1.5118	39.647851	6.5065702
928	581.2	3	58.964	1.3212	37.7851238	6.7595282
929	581.2	3	50.918	1.2346	43.067702	7.0395496
930	581.2	3	56.356	1.3228	41.333789	8.3074192
931	582	3.1	60.698	1.4342	39.6934426	7.6069346
932	650.6	3.9	80.322	1.9242	65.8478402	31.9328224
933	587.9	3.3	60.424	2.1584	29.0430712	8.4154996
934	581.3	3.9	67.404	2.005	36.8086986	11.6937268
935	586.2	3.8	67.968	1.5978	24.7980376	10.2436978
936	588.1	3.3	55.694	1.2072	44.6123856	7.8287878
937	595.7	3	58.574	1.223	44.7756036	11.3876226
938	602.5	3	51.984	1.5376	45.0447884	7.469698
940	596.2	3	55.178	1.2548	36.4108418	9.256928
942	607.3	3	52	1.1852	43.896984	5.4924396
943	599.5	3.6	61.206	2.1236	41.6067472	8.930881
944	602.1	3.4	51.288	1.1556	40.4971882	6.432972
945	597.6	3.9	65.796	1.9028	47.579509	10.804314
946	550.5	3.7	72.434	2.474	26.422957	8.1070252
948	605.7	3.6	54.388	1.2432	47.17146	8.4501648
949	605.7	3	56.906	1.214	40.8280608	7.0027334
950	609.9	3	58.01	1.2798	42.7320772	10.4543168
951	609.9	3.6	60.482	1.3546	30.805564	7.0933326
952	611.6	3	54.566	1.1796	47.2910832	5.487748
953	680.4	4.2	72.492	1.572	65.184768	32.0257674
954	613.2	3.3	58.232	1.2934	37.6090504	7.711852
955	611.5	4	82.48	2.0756	42.8122314	10.8153538
956	616.9	4	66.556	1.8372	25.9093748	9.4314492
957	615	4	65.384	1.6936	31.995718	9.3021516
958	618.3	3	56.224	1.4162	41.092812	8.6003388
960	621.5	3	55.07	1.4364	47.5082536	7.4039884
962	623.4	3.1	56.34	1.374	45.7431892	6.9307528
963	626.1	3.9	61.858	1.7942	38.0497094	6.8064376
966	627.2	3.4	59.626	1.2428	50.5460376	7.9923914
967	628	4	74.566	2.1812	26.4060552	8.4056378
968	632.7	4	68.628	1.627	28.6604174	10.0383186
969	633.3	3.2	55.408	1.3214	42.4572874	6.4521452
971	637.2	3.6	55.182	1.4922	42.7316374	7.437016
972	634.8	3.5	59.414	1.4504	47.2568356	10.2556136
973	642.5	3.5	54.938	1.1482	41.9110726	7.7669176
975	580.1	3	54.342	1.3652	47.212098	6.307155
976	642.5	3.5	57.77	1.209	48.7740688	8.9132836
977	644.9	4	77.674	2.0354	51.6547712	6.862363
978	642.2	4	72.78	1.9542	35.5746548	7.8268696
979	662	4.2	83.532	1.5538	27.618754	8.1696584
980	646.8	3.5	57.424	1.3292	49.4002036	6.9283944
981	652.2	3.9	61.79	1.3042	47.403644	7.7254058
983	650.8	3	69.79	1.1998	117.4876668	7.8372352
984	652.9	4	65.876	1.6738	44.6441756	6.6996492
985	651.5	3.4	59.402	1.3978	51.0522732	5.8687144
986	641.2	3	58.618	1.2104	48.668774	5.775792
987	653	4	71.082	1.64	34.0470184	10.4549494
988	660.3	3.2	57.418	1.9102	48.1394228	7.2736834
989	657.9	4	72.002	2.385	39.8468572	8.4328182
990	658.2	4	70.778	1.6854	33.5543436	9.7457102
992	662	3.9	64.018	1.4062	42.5056482	13.6793902
993	670	3.7	60.788	1.6014	47.7939438	8.08277
994	666.5	3.9	60.142	1.199	48.8338096	8.3826612
996	668.7	4	65.888	1.5838	31.4087476	6.7311176
997	667.1	4	72.052	2.4122	42.7436056	38.702843
998	673.8	4	69.718	1.9012	35.9748642	6.4628134
999	674.2	4	73.202	1.5528	28.1983624	8.8904182
1000	672.8	4	71.598	1.4572	46.7064516	7.0232692
1001	678.5	4	73.61	1.824	47.1122026	8.1214014
1003	676.1	3.9	61.818	1.6506	52.218164	5.6298458
1004	679.3	4	66.278	1.9188	51.9332104	14.2062292
1005	685	3.2	57.948	2.0254	48.737683	4.0973214
1007	688.4	4	65.148	1.2974	49.5913972	7.9221628
1008	677.4	4	78.09	2.0502	38.6786262	16.6986898
1010	688.4	4	71.464	1.7206	35.6436558	7.891611
1011	687.4	3.9	60.72	1.4608	55.2477184	6.8992732
1012	627.5	4	63.088	1.292	51.5920232	8.1418258
1014	694.9	4	64.934	1.3522	64.0261636	7.9869146
1015	694.1	4	61.15	1.3594	52.1512712	8.2571632
1016	703.7	4	67.128	2.2316	37.753781	8.7073168
1017	698.6	3.6	69.884	1.2732	56.7470992	8.6848764
1018	691	4	77.172	1.5494	46.6409722	10.8786546
1020	702.6	4	73.21	1.9986	43.3305004	16.6129908
1021	699.2	4	75.158	2.4066	48.563752	10.9719158
1022	703.2	4	77.006	1.7946	39.8849742	9.2355508
1023	706.9	4	73.252	1.7598	29.5421484	9.4594048
1025	710.1	4	68.142	1.5836	46.1215512	10.3891732
1026	709.3	4	62.34	1.2772	53.4577736	8.6474332
1027	711.5	4	75.868	2.195	61.5449184	9.3666176
1029	712.7	4	62.162	1.382	53.1641616	7.8323076
1031	718.7	4	64.038	1.4668	53.4246972	8.6320844
1032	714.4	4.2	83.056	1.9674	32.701157	10.387349
1033	723	4	66.234	1.2636	45.5978764	7.6000994
1034	724.1	4	84.008	2.4366	45.223645	6.3568638
1035	719.7	4	76.21	1.7216	50.1260858	6.887553
1036	727.4	4	65.742	1.3008	52.679014	8.7254304
1037	726.6	4	69.312	2.7574	54.6176124	8.724694
1039	721	4	99.832	1.5622	45.6112688	10.6375956
1040	731.8	4	68.274	1.7956	47.984178	115.3211976
1041	734	4	81.968	1.889	49.7123856	9.8159006
1042	724.3	4	79.118	1.6882	37.5820442	8.7460872
1044	733.8	4	63.322	1.4434	53.9824384	6.3837024
1045	728.8	4	77.79	2.032	56.079796	8.338202
1046	738.1	4.2	75.71	1.7702	55.21608	7.9681934
1047	738.8	4	63.722	1.3958	55.7193508	7.5729432
1050	738.1	4	85.712	1.6788	50.4149336	12.8939316
1053	741.3	4	84.106	1.556	32.6835948	12.7210158
1054	752.6	4	66.512	1.267	49.1123128	8.556205
1056	745.6	4	78.502	1.8368	43.25935	12.1259248
1057	752.8	4	76.542	1.6292	44.4576092	5.7429728
1058	757.6	4.6	68.512	1.431	58.2385804	6.7625064
1060	764.7	4	70.658	1.7588	45.4537818	6.9822904
1062	757.1	4	65.24	1.3316	56.8361612	5.8319624
1064	757.1	4	112.958	1.7468	40.6070592	9.7759464
1065	764.6	4	80.91	2.1714	50.0872934	10.0086834
1066	766.4	4	81.256	1.4462	59.4178316	7.6967516
1067	762.6	4	81.224	1.798	43.4800962	8.158518
1068	766.6	4	79.302	1.7896	55.4765508	8.154451
1069	772.8	4	78.2	2.004	52.5117236	8.5490698
1071	778.6	4	74.984	2.0146	61.1336158	10.0539048
1072	776.4	4	69.61	1.4722	54.3639962	8.6155692
1073	779.8	4.2	70.81	1.4654	57.7292888	5.5719042
1075	767.6	4.2	88.764	2.368	32.6854418	11.4820654
1076	790	4	68.142	1.3	51.5476926	4.9331174
1078	773.8	4	82.73	1.8694	38.3291226	8.3009606
1079	786.7	4	74.552	2.2268	60.2235784	5.204501
1080	783	4.1	82.816	2.3058	63.1463428	10.0497896
1081	789.7	4	98.69	1.8874	46.7046832	7.5876936
1083	796	4.2	76.24	1.9936	64.65576	7.1493166
1086	797.2	4	82.988	1.767	58.7442008	9.607376
1087	797.7	4	68.686	1.4426	59.38722	6.647634
1089	797.3	4	116.178	2.513	59.2687816	8.0209234
1090	798.6	4	85.048	1.986	52.145669	7.1741684
1091	803.3	4.3	83.922	1.9088	57.3775606	10.7361972
1092	798.9	4	84.454	2.4522	59.523188	6.8675382
1093	807.5	4.2	74.116	1.562	60.3558444	6.176994
1095	810.9	4	68.008	1.3524	58.7741932	4.2953508
1096	813.2	4	81.778	2.3478	69.2864576	6.629675
1097	813.7	4	74.104	1.8586	60.3196964	8.4416288
1099	820.2	4	79.93	2.045	54.2785494	8.0490924
1100	806.8	4	88.824	2.0524	43.0006198	8.3132746
1102	813.5	4.2	86.374	1.7228	51.244223	7.9070482
1104	820.3	4.1	86.356	1.8594	55.3122928	7.1551864
1105	827	4	80.506	2.5036	61.4638354	9.902384
1106	828.5	4	88.246	1.3998	60.5351324	7.4474088
1107	829.6	4	77.194	2.1616	47.8623448	9.2753588
1109	831.3	4	94.768	1.6154	72.5930516	5.599344
1110	838.7	4.2	80.566	1.6512	62.7745604	8.2869364
1111	836	4	73.968	1.3592	63.1511728	7.9404056
1112	835.5	4.2	79.982	1.6874	72.9468184	9.9852928
1113	831.7	4	102.54	2.3738	97.350038	7.714367
1114	838.9	4.2	86.028	2.1078	51.15545	8.4739856
1115	836.5	4.5	85.288	1.8754	61.9933576	7.8131686
1116	837.8	4	83.686	1.9668	44.4970114	6.7147992
1118	847.2	4	82.01	1.9738	64.5581912	5.7402234
1120	853.9	4.1	75.024	1.5956	65.0188796	4.5702406
1121	848.6	4	73.864	1.3972	62.1888168	5.879286
1122	856	4	81.316	1.8186	71.4863968	6.9608826
1125	844.1	4.2	93.418	2.1966	64.8663396	8.6182576
1126	863	4	79.818	2.7696	59.0453522	7.4816154
1127	853.1	4	88.736	1.7484	52.2260432	8.644907
1128	860.4	4.4	88.27	2.0644	38.199579	6.9127716
1131	869.1	4	74.582	1.7064	66.01383	7.5763808
1134	869.4	4	83.31	1.8098	64.6737562	6.8876584
1135	872.7	4	73.728	1.532	63.9496176	5.5714112
1137	875.6	4	89.664	1.8968	74.4485632	8.0157196
1138	868	4	90.74	1.748	64.1173348	8.9313254
1139	873.5	4	92.894	2.3526	48.0916786	9.8524938
1140	877.4	4.2	91.134	2.182	63.0017584	12.0483778
1141	907	4	80.514	2.0664	68.7657884	6.616501
1144	884	4	84.592	1.5616	64.3289508	7.9204002
1145	899.1	4	83.424	1.845	58.8995608	7.2770396
1147	887.4	4	88.204	1.757	70.0344888	9.995238
1148	893.5	4	78.32	2.3214	65.334968	9.7517424
1150	884	4	113.18	2.9192	70.6620304	8.9319326
1151	888.4	4	90.894	2.3162	41.5392492	7.8278808
1152	893.5	4	93.89	2.3474	52.547144	8.5652846
1154	901.7	4	78.376	1.8454	64.8357644	5.8347828
1155	907.4	4	77.274	1.52	74.0850524	5.9761588
1157	904.2	4	87.092	2.0868	68.5258408	7.0755036
1160	914.1	4	79.272	1.7384	65.650518	5.2248416
1161	911.6	4	90.772	1.5704	65.2968156	7.5767664
1162	915.4	4	86.278	2.321	78.0858624	13.5625288
1163	906.8	4	99.322	2.1544	53.7744474	10.302506
1164	911.7	4	105.044	1.9018	70.0478696	10.3816078
1165	919.8	4	77.456	1.5434	67.0660404	7.8567976
1166	923.5	4	90.674	2.0886	62.8514958	6.7009704
1168	924.5	4	80.102	1.5432	66.1462752	8.9568336
1170	925.5	4	89.072	2.2962	66.4793688	9.9328504
1173	932.5	4.4	91.47	1.9426	67.1072288	6.4927678
1174	931.2	4	133.08	1.8338	61.7144644	8.5829896
1175	926	4.2	116.7	2.044	47.2935096	12.6754496
1176	931.4	4.4	90.752	1.8396	74.9530948	7.6668456
1179	942.2	4.3	88.314	1.6492	60.8690172	5.6461312
1180	949.5	4	79.766	1.637	71.482916	5.3461256
1182	943.9	4.6	88.298	2.4648	62.6479182	7.0257024
1183	947.9	4	89.102	2.6304	62.0106068	9.568289
1185	951.7	4	79.216	1.6522	58.0649198	5.5411792
1187	957.3	4.2	104.814	1.9442	65.559807	8.718124
1188	946.1	4.6	104.024	2.179	74.0852352	9.3222568
1189	959.3	4	86.06	1.5766	61.927847	6.7246508
1190	963.5	4.2	88.032	1.9026	70.80152	7.9063668
1192	964.6	4	91.03	2.0302	65.8471656	8.4109554
1194	965.8	4.2	82.81	1.5362	70.7204496	5.0653064
1196	968	4.4	89.274	2.1074	68.1681178	6.8986884
1197	979.2	4.2	88.148	2.2224	70.4740368	8.367196
1198	970.4	4	102.67	1.8064	72.973422	6.8753306
1200	967.4	4.5	95.628	1.7428	85.807434	8.6925452
1201	979	4.1	91.408	2.1918	75.3064188	9.636006
1203	1009.2	4.6	106.56	2.4948	75.868674	8.4104184
1204	979.8	4	91.736	1.9306	69.7855932	6.9486132
1205	982.6	4	92.16	2.3478	63.4317886	7.9609282
1209	989.3	4.4	91.148	2.6	65.8554156	5.5073952
1210	991.3	4	97.36	2.5296	63.411198	8.0997568
1211	993.2	4	90.482	2.706	74.850702	6.1967892
1212	987.7	4.7	103.304	2.3496	69.827219	9.6647898
1215	997.9	4	95.416	2.2378	72.7419888	10.5667784
1218	1006.9	4.4	91.756	1.873	71.89429	9.2154368
1219	1012.9	4.5	92.858	1.6518	68.4993868	7.6938878
1222	1011.3	4.2	98.864	2.0822	65.1211294	9.1549928
1223	1012.9	4.2	90.842	1.981	72.203588	7.8266632
1224	1007.4	4.9	94.952	2.156	76.064136	10.3779268
1225	1008.2	4.8	100.704	1.818	77.328736	7.9507468
1228	1021.8	4.7	94.42	2.087	74.9090896	7.618518
1230	1027.2	4	87.63	3.279	66.5401038	7.0505628
1232	1030.9	4.1	89.862	2.2112	78.066456	7.7865884
1235	1030.3	4.9	97.414	2.0722	61.4520918	8.0927012
1236	1032.8	4.7	116.74	2.1316	68.7746522	11.1467456
1237	1027.6	5	102.45	2.3442	44.8861836	10.8130516
1239	1041.3	4.3	93.736	1.922	75.6915968	7.1584552
1242	1051.5	4.8	98.534	2.1094	74.314244	10.9511032
1245	1053.6	4.9	102.898	2.0062	68.750503	6.480178
1246	1050	4.5	95.964	1.7996	69.6738154	9.9247512
1247	1053.7	4.7	91.268	2.4182	74.7976036	8.1356352
1248	1049.7	5	102.022	2.0082	75.8183756	6.8890246
1249	1051.7	5	104.064	2.0044	71.5393912	7.7950248
1250	1054.3	5	113.34	2.3824	74.7360176	12.136098
1251	1077.9	5	95.034	2.0566	75.5414004	8.0571776
1253	1065.5	4.4	96.75	3.1724	61.0303096	6.4759224
1254	1069.6	4.9	106.816	1.9258	82.5042268	7.9383656
1255	1075	5	96.638	2.142	78.8926756	8.46487
1258	1067.4	5	100.562	1.7662	70.051661	8.8160828
1260	1073.3	4.7	97.178	2.6586	79.4988532	6.9538836
1261	1074.3	5	113.04	2.1168	78.530876	8.2426046
1262	1076.4	5.2	107.12	1.909	81.1104776	9.2432996
1265	1093.2	5	95.918	1.9854	82.4077696	6.17352
1268	1089	4.8	103.276	2.6512	76.6062176	6.989124
1269	1092.5	5	105.092	2.236	77.5477028	8.4583998
1272	1092.5	5	101.59	2.4664	73.1491242	7.4339044
1274	1088.7	5	104.14	2.507	74.0582764	9.4018336
1275	1093.8	5	102.58	2.2458	78.975218	11.4448848
1276	1100.1	4.8	103.722	2.4248	78.7479656	5.8872374
1278	1111.4	5	98.664	1.8172	74.6850488	8.9036712
1282	1113.4	5	100.4	1.8838	78.0162024	7.3978992
1283	1113.5	5.4	108.72	2.2868	74.5639748	7.8625324
1285	1119.6	5	105.62	1.6482	63.970564	8.8994348
1287	1111.2	5	109.82	2.4238	73.040301	8.8328228
1288	1132.9	5	103.42	2.264	86.2189868	4.4213838
1290	1126.8	5	99.2	2.3654	83.3800604	5.5888132
1292	1128.4	5	106.92	2.0718	75.5463044	8.9782452
1296	1137.6	5	100.572	2.0248	80.8538704	7.71196
1298	1134.3	5	109.1	2.0588	70.1130872	7.5451442
1300	1139.1	5	109	2.9012	75.6932016	10.605112
1302	1164.3	5	105.44	2.2994	85.35641	8.3853172
1305	1150.8	5.2	112	2.2798	84.5527004	7.0585116
1306	1149.9	5	105.4	1.9232	83.4260436	6.9941456
1309	1158.7	5	110.18	1.9078	82.0948248	9.3042844
1311	1158.8	5	108.5	2.0676	74.2864692	9.1586456
1312	1168.9	5	103.66	1.8296	75.1352758	8.8626452
1316	1169.9	5	107.98	2.3768	83.8218572	7.9078764
1319	1074.7	5	104.46	1.8728	77.107125	6.1243232
1320	1185.6	5	109.88	2.0072	79.7035492	5.4545806
1323	1176.9	5	113.68	2.9296	87.1646072	7.9343696
1325	1185.9	5.2	117.1	1.9306	86.4262968	10.1350952
1327	1191.7	5	119.86	1.75	83.7680976	7.1643576
1330	1197.7	5	105.98	1.845	71.6643854	7.8151632
1333	1208.2	5	122.34	2.1438	90.793184	8.1959272
1334	1211.4	5.1	105.26	2.1172	85.3920704	6.2958344
1335	1208.3	5	105.58	2.2406	88.2999564	5.839296
1336	1209.7	5	115.22	2.1708	91.8136572	7.8233808
1339	1213.5	5	114.64	2.4164	87.7510388	6.7356744
1342	1224.8	5	110.98	2.2132	86.8371916	6.5544904
1344	1222.3	5	107.3	2.224	69.438417	6.9599608
1347	1097.2	5	111.7	2.3552	83.5087552	8.8874556
1348	1269.9	5.2	108.5	1.6464	90.8020396	7.397192
1350	1224.1	5.2	111.54	2.2198	93.241368	10.0155756
1353	1238.7	5	109.34	1.924	87.3238488	6.974274
1357	1249.9	5.1	109.48	2.1244	91.368436	5.8986264
1358	1263.3	5	119.82	1.8586	87.7888052	9.417124
1361	1247	5	113.66	1.9346	88.5523972	6.8611886
1363	1257.7	5	110.46	2.473	73.4749908	4.392492
1365	1264.1	5	118.92	2.2628	80.9384234	7.0434568
1368	1266.3	5.2	113.04	2.0882	89.1553192	3.7988682
1371	1312.4	5	117.38	2.1918	89.4708712	7.5251064
1372	1264.9	5	121.68	2.1026	74.5829082	6.2798244
1375	1270.5	5.2	114.64	2.1854	89.7782688	8.1378572
1377	1288.2	5	122.02	2.4054	89.6534448	6.9258904
1380	1298.4	5.1	109.5	1.9804	90.60552	6.2002792
1382	1293.4	5	113.22	2.0934	73.219993	8.3734568
1386	1293.8	5	114.68	1.839	96.4374832	7.1172788
1392	1312.6	5	114.92	2.4116	92.7650008	4.026737
1395	1352	5.2	124.8	2.3784	92.8955904	6.7614784
1396	1314.4	5	123.36	2.252	95.2249176	6.6046432
1400	1318	5.3	119.48	2.4664	86.2255256	7.7647752
1401	1328.2	5.2	116.34	2.9498	93.6235508	5.4492592
1406	1339	5	125.1	1.9812	94.0226288	9.2223616
1410	1339.8	5	118.36	2.4708	95.105126	7.616336
1416	1362.2	5	122.46	2.1078	95.849582	3.9188688
1421	1358.4	5	118.24	1.8106	101.5603608	5.6872822
1425	1369.6	5.3	120.96	3.1548	88.191396	7.3328308
1430	1385.1	5.2	122.04	1.702	96.61483	11.9661352
1435	1390.6	5	122.36	2.3674	99.6198832	8.6368644
1440	1403.3	5	120.74	1.7912	99.4132184	4.9521624
1445	1406	5	133.56	2.1934	100.5074028	4.2477776
1450	1416.8	5	125.96	2.0282	101.7499404	7.84536
1455	1451.3	5	119.16	2.0576	105.05583	8.4812336
1460	1433.4	5	125.78	2.3778	103.7304676	4.9860686
1470	1454.2	5.1	137.24	2.6754	105.6127296	8.0572336
1475	1467.5	5.3	125.48	3.4106	104.773838	7.0605108
1485	1494.4	5.2	127.52	1.9634	109.6030596	9.394359
1500	1517.1	5.7	128.4	2.4194	108.21371	6.7296752
