Total	S3	S4	S5	S6	S8
11	9.4067982	9.999645	11.055373	21.2832404	10.1527598
12	1.8630876	2.9725882	1.9689898	1.9753644	35.7619624
13	1.800167	3.676985	1.5664626	2.6349964	82.5525578
14	2.3836752	2.2524774	1.4495416	2.7306342	47.60819
15	2.3611918	12.9947856	2.4155312	2.440026	2.8480902
21	9.9742566	12.531373	11.2448254	12.6471046	13.524956
22	2.662196	20.5937838	1.8887074	3.6063102	3.5221286
23	2.2727244	3.85836	2.224569	3.1736526	2.8882382
24	3.090573	3.5476852	3.2299902	2.661246	2.220097
25	2.004187	2.1864418	2.652866	2.137457	2.2758458
26	1.7090118	2.313457	1.6136516	2.108497	1.9917446
27	1.9860222	2.0941984	2.112886	2.7943536	1.7472484
28	1.1592284	1.9114632	1.9881716	2.7658004	2.2982878
29	1.316773	1.8785184	1.5495822	1.3983634	2.1848712
30	1.4786196	18.9319778	1.983912	2.4406636	2.0552478
31	10.3218006	12.664841	7.5551494	13.5326584	12.4253914
32	2.2894378	5.6703586	2.4534846	3.2050294	3.8311558
33	1.9466214	4.2371876	2.1361464	3.2038586	4.018117
34	2.3651408	2.6843508	3.1476648	2.2689174	2.7676362
35	2.0175728	2.8416444	1.9003828	2.5918196	2.8214646
36	1.7686648	2.3698352	2.1869528	2.4315698	2.2063024
37	1.5569212	2.2862176	2.271114	2.0465356	2.2821064
38	1.7157242	1.7583718	1.1912528	1.6031398	2.1405402
39	1.0767076	45.0731012	1.177772	2.1089858	2.0717186
40	1.446984	6.3483962	2.1795216	1.6754874	82.5153158
41	1.0576798	2.6254388	1.2466004	2.1915622	117.3606904
42	1.284789	3.4264512	2.3345922	2.6394124	3.4517092
43	1.409303	7.7587212	2.130779	1.879821	1.9463384
44	1.2870336	22.4470608	1.7759022	2.2600046	2.7582554
45	0.9222252	3.28368	1.7172282	2.1947796	3.02799
46	1.9584134	2.2846522	2.4483124	2.5166404	2.9812186
47	2.652206	1.747475	1.6564168	1.7657386	4.0399432
48	1.8783944	2.918192	1.8822972	4.9547508	2.4127844
49	2.1568772	12.3790676	1.4180036	12.379889	3.0442828
50	2.0207628	56.0569428	2.998325	1.8635082	3.5795522
51	11.3454052	74.4989728	12.3881532	15.62955	15.6692638
52	1.8646876	77.641551	2.4818842	2.251216	3.9270158
53	1.6720164	5.8238238	1.5960546	2.5121248	2.8366154
54	1.6958604	12.3202508	2.15775	3.0108302	5.1110912
55	1.9664768	2.7909216	1.8968676	2.755722	3.9270236
56	1.8319314	15.3040584	2.0493596	2.7178732	3.9327924
57	1.4218876	8.2443828	2.343616	2.6000888	3.9864504
58	1.3515418	27.064786	2.7650584	2.8735592	3.3900644
59	2.1787452	38.7738094	1.919346	2.4995068	3.2150016
60	1.200689	21.9390472	2.0429246	2.2699968	7.4679692
61	11.9843844	15.7911332	12.3272244	15.526044	15.8531302
62	1.5994136	123.169175	1.8008252	1.977836	3.6097966
63	2.377101	115.7779316	1.6057052	1.916173	4.2525008
64	4.082686	4.5931646	2.7233208	3.8772052	20.2116124
65	1.6953964	5.1605786	2.577966	2.4634796	4.1184496
66	1.6163898	8.3855816	2.854712	2.6557092	3.7759448
67	1.9463708	39.9431688	1.5198244	2.4772862	20.5522144
68	1.9760568	3.1420728	2.3901024	2.6541488	3.9292348
69	1.7201426	114.3203164	11.0841014	2.2186502	158.8491886
70	2.0930886	3.2382588	2.1171276	2.9415704	2.684413
71	1.7076004	2.7433678	2.1783624	2.146651	3.2415744
72	1.7567012	4.00088	1.3831444	2.7445754	3.2028476
73	1.8719454	4.2028958	1.334918	1.9556776	92.797247
75	1.7250768	3.1427172	2.1574524	2.4544542	2.985864
76	2.0000662	4.4107564	2.1773332	2.4899064	5.2341102
77	2.7547218	3.4379978	2.823659	3.455958	5.7347876
78	1.940925	4.2516116	2.6095566	3.459837	3.5259658
79	2.868077	3.3970894	2.9031134	3.3677078	285.7120972
80	1.629226	3.9263646	1.7884804	3.0106494	4.8003904
81	3.7552368	3.3744036	2.3758908	3.301608	49.3491272
82	1.7783466	4.3163154	1.937155	1.9867926	3.7364728
84	1.8775994	8.2887978	1.7727304	2.0505326	42.846653
85	1.6026606	4.6493802	2.2409418	2.47593	3.1026964
86	3.7685066	5.6492078	3.0668724	4.7984404	5.7065748
87	1.4612598	3.4070952	2.168911	3.1532332	2.9015278
88	2.577296	3.878742	2.1303738	2.5989512	38.6602804
89	1.4340922	3.4228818	1.8527608	2.870112	2.8813038
90	1.790062	7.2034812	1.7761832	2.2052364	4.3875538
91	3.1293964	4.1584696	2.9852412	3.7353576	3.2860406
92	14.3249032	20.0714602	15.7445892	18.4331656	22.605354
94	1.8386718	5.4154016	1.3401734	1.9718152	6.4866596
96	1.547378	3.16277	1.3028832	1.980287	2.6628682
98	1.9028864	3.1022302	1.8401162	2.880303	2.894164
99	2.0843646	4.6925108	2.5289788	3.3105568	3.4841922
100	2.5290268	3.2950702	2.3327722	3.4348846	2.5894182
101	2.0674724	27.5595716	1.6687838	3.3506588	6.4335878
102	1.5995658	3.5387402	1.8042296	3.4383954	3.8320434
103	2.3842386	17.0149594	1.6480512	3.713059	8.6001678
104	2.7261052	5.4371812	3.1460772	3.8214224	4.5681804
105	1.6678102	3.5911112	1.3695414	2.6680994	2.5197266
106	2.4694918	4.738612	2.9029816	2.962149	3.9880196
107	4.6265392	6.8511028	3.9206572	4.3078458	6.6921284
108	2.3430952	46.5111156	1.4765086	2.3657436	3.0270858
110	1.8472984	4.0983602	2.0815208	2.6224776	3.8566858
112	1.962514	5.8425254	2.5244304	2.9014762	6.1275582
114	2.3336218	21.3775044	1.742644	3.2368398	3.7874922
115	1.675802	2.8725122	2.05717	2.5122224	4.0412008
116	2.575828	4.003751	2.3126708	3.5677072	4.4895722
117	2.3855626	3.0394026	1.7609564	2.3436544	3.2109806
118	2.116024	4.4717432	2.1330994	3.1222108	4.0394276
119	2.5140208	21.0973374	2.1579084	3.4829618	6.1483418
120	1.663877	2.9149944	2.5269488	2.4119494	3.5587654
121	2.428683	27.5159508	2.3471652	3.7038196	4.646047
122	1.687722	4.3908284	1.5923306	2.9628486	3.6750344
123	19.5945772	44.8129118	17.540811	20.9400208	24.8146372
125	2.7773768	8.34329	1.8906952	2.4430472	5.2858574
126	1.9303412	6.6211296	2.0175288	4.4079046	3.4000966
127	2.8658628	5.2561772	2.0434762	3.818611	5.1056524
128	2.8301564	35.756554	2.5781896	4.3338076	4.230221
129	2.1865858	11.3761684	1.3872864	3.4267826	3.341457
130	2.5991058	27.879344	2.2284302	3.5004932	5.5666968
132	2.0444354	4.9444326	1.442511	3.395042	3.4623856
133	15.7128032	24.6703576	16.198669	21.5979892	27.0007168
134	1.8486378	7.2539586	2.0378318	3.4447538	7.3040038
135	2.0833814	4.2824958	1.9831986	2.6554578	4.2566708
136	5.4527456	13.763505	5.2207608	6.1882084	11.1705844
137	2.8572564	4.4885596	2.976015	4.3799436	5.1604878
138	2.2438736	4.2267728	1.7758634	3.18974	3.649544
139	3.7924166	10.8834574	3.391633	3.7972538	8.1132714
140	2.8441746	5.0282634	2.9725836	3.9964884	4.491647
141	2.1637954	3.4853768	2.2198476	2.877997	31.2041772
142	2.8018296	6.1083356	2.3743032	3.626638	5.3812636
143	15.1815592	48.2009932	14.3777024	21.917031	25.1543726
144	2.1358498	5.2080974	1.4722102	2.6847498	4.9725948
145	2.2563314	6.0161836	2.1954562	3.9013504	4.414274
146	2.0442148	3.9592996	1.8001532	3.7433914	4.749385
147	2.7069204	4.0315272	1.8257674	3.4433482	4.818438
148	3.0105452	6.2157504	2.5451954	5.074626	8.8784216
149	2.0029296	3.8415874	1.8245692	3.3910564	4.8762622
150	2.8911952	6.9756912	2.5243972	4.243984	10.0827844
151	2.441428	6.6141148	2.9410248	4.435468	11.6467636
152	2.3259958	4.9061528	1.5758222	2.7510966	4.938104
153	16.4218376	186.8441744	15.0361892	23.9225622	26.5614666
154	2.6096126	14.9654298	2.0073454	3.2124858	6.1866812
156	2.616115	3.7662296	1.4260622	4.2583174	4.480531
157	2.6262994	42.9651752	1.5206204	5.3984926	4.426675
159	2.5799648	6.5566956	2.8427492	4.2693736	10.425368
161	3.8650086	27.0094568	1.876689	3.5556584	5.3593428
162	1.938608	5.8757246	2.2958392	4.2249184	7.7372388
164	15.9077352	27.9232084	15.9656612	21.630403	28.1643968
165	2.2312202	7.7556454	2.8118382	4.8336392	7.4261746
168	2.8237566	6.727381	1.9378056	3.5008194	6.3932112
169	2.8770774	9.1131834	2.2253414	5.102484	11.082995
171	2.7158028	33.6851112	1.9368868	5.163548	5.8958686
172	2.1731086	5.59143	1.8655692	3.741243	5.565199
174	16.7066628	30.1604328	16.9086628	25.6136354	28.3705756
175	3.0403496	28.7204186	3.1004208	5.2924892	15.3663156
176	2.0567366	4.830181	1.8529486	5.0027574	6.0030974
177	3.065762	7.8933196	2.3718444	4.640646	8.7098764
178	2.8358604	7.2252666	2.4629832	4.9317176	7.5520028
180	2.3605718	8.834289	2.3168664	3.0099232	5.309476
182	3.1761926	8.7286344	2.3065704	4.7002154	22.3064984
183	2.3329346	7.2400136	2.6595192	3.5490636	7.8346604
184	17.1202362	37.3593936	16.1399006	26.737014	117.3940308
185	2.7003716	22.708756	2.9113066	4.8417424	7.9407654
187	2.4170754	6.7534638	2.0486302	3.7073206	12.102228
188	2.9631414	5.8805612	2.5781878	4.401195	5.7417906
189	3.2574568	38.5600508	2.3045524	5.0187312	8.2976856
191	2.2355784	6.7198678	1.7735274	4.2276202	6.3279008
192	2.4136484	13.4588308	2.0434698	4.6440194	12.1756856
193	3.2373196	8.6518854	2.6498568	4.6974842	149.8398752
194	20.8072138	56.9946502	16.7813634	19.8882632	46.5309204
195	2.5781478	6.340034	1.7255978	4.2760034	6.1863424
196	2.9185984	16.985326	2.3806458	4.2577232	15.7751712
198	2.151814	11.6252856	3.3205792	4.706923	7.5442992
199	2.7956138	12.5569358	1.9747386	3.9312218	11.4938318
200	3.0139724	14.187708	3.0598978	5.5119228	14.7954832
202	2.2570622	7.1064768	2.1863356	3.7310218	120.8433966
203	2.9248438	47.916176	2.73506	5.0517728	8.7454056
204	1.950381	16.6947452	1.7138022	4.183735	37.3636654
205	16.7614434	35.4569558	15.4424556	24.7679886	32.0440008
206	2.8241226	16.3657864	3.0514438	5.2661448	15.8343904
207	2.0900264	10.6616354	2.3681072	3.587059	133.719213
208	2.8704	10.965816	2.0622748	4.1810718	22.884868
209	2.5710982	23.3596408	2.5711336	4.113772	20.7578478
210	2.77172	21.3904164	2.4789588	5.225362	9.0055224
211	2.5021486	7.9160434	2.1752652	4.2825264	91.31164
212	2.4663198	10.5436946	2.494518	5.0241556	141.1740264
213	2.282202	23.539005	2.3300382	3.8573462	37.8219228
215	19.6164386	43.1345286	19.649215	20.803071	88.1981154
216	2.8180396	10.0390768	1.9519564	5.242067	192.0162524
217	3.7057608	11.457534	2.3692268	5.7735492	7.724384
218	3.5905472	12.1252792	2.6964534	6.850887	8.4702356
220	2.6464152	7.9746794	2.0956098	5.5435698	120.5675536
221	3.4151068	13.023016	3.4532156	5.5328116	10.1500972
223	3.1765376	13.9498704	2.2475226	4.8692294	11.2305158
224	3.5480764	9.082775	2.7356824	4.7271014	9.9708272
225	17.9194496	40.1009756	18.5453818	23.406164	38.7929258
228	2.8701596	9.320864	2.6769496	6.388272	53.5004924
229	3.561004	10.720322	2.8628528	5.548935	10.6175888
230	2.2548312	21.8664138	2.1787204	6.2723878	18.8046714
231	2.9164954	7.351405	2.2086136	4.5051524	108.9008782
232	2.954467	10.456235	2.3664392	5.8058376	13.8065274
233	2.9211522	11.2196472	2.7570364	6.2121516	10.7763612
234	4.155374	11.9921304	1.7764708	4.9109994	21.2713686
235	15.991814	45.179211	17.3980158	33.2141342	35.8266064
236	2.4217838	24.150566	1.9277462	5.0786466	14.0667692
237	3.5609376	22.4270548	3.287734	5.941293	22.6962574
238	2.4024736	8.56197	2.2496598	5.300095	20.9551328
240	2.516925	21.7855716	2.7264688	4.6382688	20.1468224
241	2.647912	19.0458858	1.8967286	5.5232044	66.1096496
242	3.3334956	9.9853826	2.3301354	4.4278318	59.5518994
243	3.4755878	9.8347442	2.3180534	6.0721564	12.4274428
245	2.5935332	11.6524096	3.0882254	5.2571652	10.1836124
246	2.6496356	9.6016566	2.2066818	3.9874784	9.0390132
247	3.0354272	12.9769292	1.9008786	4.3305268	21.5360656
250	3.1213092	24.6711136	2.754212	4.9065524	26.8515008
251	3.0969802	12.6481244	2.044687	5.5259758	13.3341834
252	2.617915	9.7251514	2.7336376	6.1591846	145.848606
253	2.7928792	21.6345624	2.530283	4.829328	52.6977216
255	2.8506652	17.3112068	2.8746756	6.0190252	17.2396424
256	18.8893112	39.4606118	20.0133244	21.6169466	245.1614784
257	2.5461696	13.284552	2.5993966	6.0706052	36.4934988
258	2.464694	30.4032068	2.659204	5.7149252	27.646976
260	4.1406602	13.9628968	2.9511248	6.9419318	12.414689
261	3.5558356	12.93314	2.622573	11.9822468	12.873098
262	4.3293328	14.5954424	2.9580746	5.4072474	13.5951184
264	2.7577662	12.3862644	2.4677156	5.0697438	27.3046546
265	3.3586896	21.2054152	3.4228978	4.4849526	22.4982784
266	18.8743916	44.492693	20.1502694	21.3043078	37.8172608
267	4.2355712	14.2502316	3.0715362	7.181543	14.1121588
268	3.1445146	12.1499112	2.3959946	5.5707602	10.7764278
269	3.02673	14.9963568	2.4793686	5.6861478	14.8610896
270	2.547738	13.0198682	2.1030624	4.849113	22.360257
273	4.2348928	24.7396656	3.166329	7.0732692	16.1115864
275	3.2561868	21.2206284	2.3534948	5.2695952	15.4424608
276	2.7690432	14.197813	2.19968	5.0958968	17.5287468
278	4.4310272	25.5541332	2.7436524	8.434749	13.4014522
279	3.3979834	13.9830732	3.1167966	6.3372988	14.0451968
280	2.8854316	25.2016242	2.6291976	4.818223	34.7107944
281	2.960973	16.6059138	2.4283046	6.0333856	16.085541
282	3.3281892	26.053138	1.9008386	4.4083362	15.0707942
283	4.1824796	17.3789452	3.0280944	6.7495684	18.796566
285	3.3220588	15.6496364	2.8528956	6.3282892	15.572355
286	2.7776026	33.4492826	2.1454224	7.5749976	30.3324916
287	18.7561142	49.1113768	21.377732	36.4501042	42.3320242
288	3.4490486	15.8314464	2.6713748	5.649812	27.3068194
290	3.5253356	14.3920862	2.5435506	6.7680674	316.3708008
291	3.8201474	19.6360952	3.0594574	6.4509044	24.8909472
292	3.2080232	13.3128362	2.7498068	5.7461868	17.4037368
293	3.3056212	15.6268826	1.749288	5.9366592	14.9518862
294	3.2864186	17.788059	2.412335	6.5598906	16.740422
295	3.281003	18.7567532	2.7696794	5.8361474	18.1302524
297	20.5297412	49.1528884	17.3480596	38.0421172	50.804381
299	2.741936	19.679029	2.2714388	6.6450182	15.2601992
300	4.0356072	15.185602	2.9104718	5.7817434	13.7177082
301	3.6612694	26.2251018	2.5989756	6.1802746	21.1184134
302	4.1358136	34.578668	4.1687756	7.2843764	19.9439472
303	2.8768566	10.6403614	2.2807678	5.307236	20.6621492
304	3.5826534	17.0245422	4.0715618	5.8922318	18.4886156
305	2.8665804	14.8261812	2.464043	5.1241036	17.279516
306	3.9504542	20.6773968	3.863868	8.1934904	33.337573
307	18.6820128	55.6161082	20.879928	24.1953028	54.222769
308	3.1824752	23.4860718	2.654131	7.271657	23.3062644
309	3.7701304	18.9339716	19.6998764	7.4186848	20.0550172
310	2.5696136	18.9155164	2.4484684	5.1510274	21.4125024
311	3.3076904	12.692409	2.8133866	6.3523828	32.977222
312	2.942446	23.9519544	2.233497	6.2118736	18.0566764
313	3.9849348	19.2386456	4.4066604	7.6442836	22.5339052
315	2.851257	19.149919	2.2907388	6.6322734	15.1254886
316	3.3137758	22.5189896	4.0448608	6.8506552	22.2838252
317	21.8708378	80.6210024	13.9772278	26.7512276	48.9344366
318	3.8319394	39.2171928	2.9566942	8.0806738	38.624696
319	2.9375236	18.7346992	2.779591	7.7662512	21.2551754
322	3.0365376	16.3526044	2.4648234	6.8161564	19.7867344
324	3.2713486	19.5232752	3.234668	7.4569272	18.8481532
325	4.2001656	28.072374	4.497846	7.9789986	31.6270898
326	2.6745848	31.7063894	2.3389364	5.9161166	19.9755066
327	3.8861768	19.0749556	3.4451644	7.960928	20.4761352
328	25.9168716	54.508797	18.2234896	26.934931	91.6131772
329	3.376194	25.745651	1.9335252	6.167368	12.988088
330	3.2363548	19.824608	3.2641228	9.2474312	21.016376
331	3.6880256	16.9419958	4.663146	5.3909786	21.9230616
333	2.5217524	20.3862574	2.3213392	7.8082342	22.6829704
336	3.4046496	18.0920762	3.2305448	7.0071554	19.7885376
337	4.1054108	22.0659812	3.503114	7.582167	20.7634704
338	20.6783982	72.1976542	18.70317	27.6403086	62.574236
339	3.465974	22.4657676	3.7710848	8.5947132	19.3205144
340	3.2112456	16.9548618	2.055336	8.2553684	33.8895064
341	2.9941934	22.9496832	3.0914466	9.441036	15.9828162
342	3.7244212	21.0303232	3.6828632	7.1705016	20.2495268
343	3.0088338	23.5675656	2.9470076	8.5901114	30.9627346
344	4.1270854	39.8488394	3.0099558	7.0071228	39.9982542
345	4.1293836	40.4398728	3.0748588	8.8356596	34.1013776
346	4.5397298	34.5406376	3.4534	9.1195508	21.6862088
348	19.6336952	45.1463232	15.7946612	26.8525698	48.0947548
350	4.222344	19.3570508	3.168283	8.3655156	20.9023706
351	4.9523548	23.3182304	3.4206064	9.1369084	20.133982
352	3.0978112	20.1965886	2.6462466	9.607034	23.5096956
354	3.282835	21.6995364	3.4939416	8.8052876	43.4376664
355	4.3420704	50.0337	2.9059296	8.3357488	19.8488362
356	2.795953	31.7306948	3.379788	6.731053	35.4746984
357	3.196555	22.9517754	3.9216768	6.5077186	21.5918912
358	19.8927986	55.3956844	15.05799	28.9799396	57.974833
360	3.4129954	26.8313468	2.7252184	6.5496836	16.0834866
362	3.9489738	33.5749282	4.0047144	4.5592008	23.0867548
363	3.1479552	95.9327412	2.775616	8.8941854	45.1148184
364	2.77263	33.5408612	3.909834	6.5594748	45.180236
365	4.2860466	51.200847	4.2363772	9.0177088	29.772846
367	4.5859494	41.0140814	4.5134172	8.4489998	33.4864562
368	2.9040928	44.6524784	2.338837	6.7444288	47.4332172
369	18.8229528	55.6543614	18.4198908	32.9409762	65.314424
370	5.1691392	50.7755512	4.1710536	9.2307582	49.933114
371	3.3879918	45.1115116	2.6273496	6.890686	22.6221052
372	2.9854854	26.1236496	3.143694	8.7389014	24.086606
374	3.1809488	44.5486206	3.3702184	7.1705844	44.0525328
375	4.0813576	50.0415248	3.7491396	9.1641976	78.8770212
376	3.589787	29.565357	3.170487	11.4642152	26.5523506
377	4.210653	25.6524752	4.319128	8.4356944	25.9606436
378	3.4820234	46.0037518	4.0864644	9.7278312	25.639344
379	22.551917	65.2297634	20.2950358	42.9101324	49.388343
382	2.9203186	64.4248692	2.934411	8.2769572	28.379193
383	4.5231904	41.5678274	3.6640696	8.784306	67.7544264
384	3.2447658	28.574344	2.3133596	7.8878264	25.0381306
385	3.4147226	27.0142366	4.2231406	7.9046374	36.9350272
387	2.9746582	45.4074696	2.31264	8.9790004	36.1091034
388	4.445835	32.194517	3.5640528	14.4342268	48.3256596
389	21.2042412	52.4367044	18.4532284	32.115196	70.6224922
390	3.4428894	30.9408688	3.4394596	9.681464	26.5024792
391	2.7978454	48.7260696	2.6109274	6.8752834	30.9686736
392	4.36893	50.0003386	3.7472448	8.72515	50.93198
393	3.1442622	43.5894504	3.922798	7.51008	59.5003664
395	3.1036428	25.4964902	4.7615352	7.9432374	25.9250594
396	2.7289606	47.7613562	2.8332754	5.9511174	36.8625134
397	3.5312422	19.4796394	4.2157486	6.5766768	34.9075682
398	3.9232396	37.2155084	3.8147808	9.9224918	53.0764384
399	19.0737932	60.3437322	20.0649966	31.0793666	60.5121684
400	5.906684	22.8691504	4.5975768	8.3439766	24.0669734
402	4.6048074	53.0920452	3.7307482	7.4907834	48.2579264
403	4.7373394	28.8045926	3.9320834	8.7693978	32.2717388
404	4.8235896	51.2124706	3.0882286	7.7168164	30.0500584
405	3.2081326	56.1342208	3.2572506	9.140212	53.1231184
406	4.174904	35.5134572	2.9753406	7.2571712	32.9025768
407	3.2340224	27.8106056	2.677875	7.9223428	28.237269
408	3.1893336	45.560485	2.2042274	5.5899054	29.8710554
409	4.7691418	21.2764624	3.742566	10.2468986	40.8039864
410	21.1841428	58.8688044	19.6901804	29.852417	161.5562314
411	3.4365004	27.8193608	2.7111538	8.861314	28.1816226
412	4.3939272	62.6526376	3.9020404	10.8503044	60.8645796
413	4.1237632	30.5954804	3.0272932	8.72409	32.5941944
414	2.756556	42.1200498	3.0605442	9.4791864	35.1645832
416	3.2087188	75.34433	2.5548966	8.0093114	58.3260666
418	3.2767388	31.2041378	2.627039	9.938494	33.1726492
419	3.693998	37.9434568	2.7851694	13.7055892	31.1100884
420	22.7057038	64.4056252	18.431143	36.0612794	59.5045918
423	3.8134338	27.2269812	2.5764602	6.4086726	22.7122638
424	4.1274122	66.8008888	3.2963512	10.9323938	66.2951004
425	2.8045064	30.163948	2.1980468	9.327106	33.5599564
426	4.31818	36.6663776	3.2870962	12.304834	64.0924698
427	3.6765518	69.1474356	2.426885	10.2490774	38.4948806
428	4.6682056	29.686713	3.7522624	6.6355236	32.971886
429	3.4096962	37.9988206	2.836162	10.600518	72.0984988
430	19.7497302	64.9123132	17.6150274	31.0354044	57.7210968
432	3.6428734	32.1393358	2.3778124	7.2338234	34.9940784
433	5.0131164	64.489525	4.466646	11.3476244	33.636344
434	3.9551872	29.572929	2.2381788	6.2676208	26.2389732
435	3.2834312	35.0319132	31.1132996	10.9962436	35.4244248
437	3.0577872	35.039564	2.4177392	9.9624448	41.7430352
438	3.1219002	55.6153294	2.5563854	8.2678318	79.7566988
440	21.3632914	160.4413586	16.0218924	27.6346474	60.2119166
441	4.4794612	37.192534	3.431123	11.6874148	35.3183418
442	4.0217784	37.2500916	3.6633228	12.0362514	36.8076364
444	4.030986	35.6386176	2.6127458	6.6438422	28.1074602
445	4.6092392	97.6374812	4.065088	13.1471876	55.865261
446	3.875778	35.7436806	2.4891	8.388954	34.5160872
448	3.105409	54.135416	2.3195052	10.0036426	66.3473298
449	4.5835368	38.0628604	3.9435814	14.3735992	39.2077568
450	3.9100498	49.6015566	2.6740606	10.7064712	51.3218084
451	21.746153	119.8080102	17.7240118	28.90355	69.0030538
453	5.071937	44.2123054	2.9124138	8.9041986	42.3591276
455	4.6370356	62.3230976	4.6560036	10.5980076	49.46107
456	3.6083448	26.0316102	2.475739	6.6364868	34.0379248
457	4.7069092	34.3856444	28.3396454	13.5921208	36.0258852
458	3.1223392	31.6419874	2.663097	6.9112058	32.3238876
459	3.8814304	40.4899968	4.2953644	12.8935164	112.6871276
460	3.2160464	35.2842702	3.0345254	18.6628376	49.0785976
461	23.374856	74.1141108	15.8562366	37.9757456	74.2336446
462	3.7620778	52.2214612	2.928117	16.0680136	32.6783546
463	3.7445138	28.8401374	3.7998472	11.156663	45.1580652
464	3.2146786	39.806158	2.871572	13.4710776	42.1651268
465	3.8223582	34.3807956	4.2241276	11.5349332	33.9698748
467	4.3758458	44.9308844	3.5742392	14.1605116	42.6639468
468	4.5663706	36.9168368	3.4690706	13.1372312	35.192284
470	3.0634364	32.6444316	2.4085654	7.4014294	24.0074636
471	28.1125048	55.7227276	15.9588328	30.8578812	70.8732808
472	2.974041	32.9445628	2.9228446	11.6159112	41.213632
473	3.4214456	124.9577652	2.727014	9.6983686	77.6302836
475	5.7607916	81.705184	4.1325454	12.826881	75.5448032
476	4.1625384	44.4383016	3.154184	17.4865732	44.0023748
477	4.8623766	57.053155	4.669594	11.1483412	86.1315612
478	4.2574436	40.4288704	4.3058004	14.2963612	44.7405312
480	3.0114034	56.2027982	2.4123278	7.1506048	36.3957554
481	19.6657244	67.5563086	16.3829648	29.3752284	62.221631
483	3.3180332	217.5021348	2.658238	11.4472814	41.5728106
484	3.4008326	75.0924668	2.8016806	9.6360648	87.8398778
486	3.43107	36.587698	3.5131848	13.6748972	37.3965792
487	5.7762048	92.7850236	3.9032446	11.8424608	69.7973094
490	4.1093654	70.456639	3.8290466	7.306472	63.7240178
492	20.7347564	56.7359308	16.489531	35.182885	79.0678032
493	4.0988456	34.4586674	3.0975144	15.4250364	43.294094
494	3.2616626	44.0976804	2.8078732	7.991339	46.9643928
495	3.442091	48.4928984	3.304049	11.2473702	57.268676
497	5.4849964	47.3217356	4.5386268	13.1414292	42.4448764
498	4.1583276	34.3995656	3.0680872	14.075846	40.3913528
499	4.8327236	40.9869924	4.315844	16.483948	36.5278654
500	5.2850508	49.0310896	3.5483694	10.8724924	90.930008
501	4.19273	73.5257692	2.9933572	14.7884096	35.754309
502	19.7267178	69.4838482	16.7103532	30.3960268	62.5414296
503	6.0005132	37.5133386	4.0662592	12.5320512	39.1478126
504	4.6554136	40.7970184	3.1223912	12.3621748	31.8567186
505	3.9663094	69.0163322	3.1486148	11.2251516	44.3870732
506	3.0864526	37.3487088	3.2747696	7.745948	50.2086228
507	4.2735308	39.3845304	4.363174	12.7664544	48.9607288
508	4.5463036	41.136756	3.9569052	14.5237336	41.785292
510	4.164886	75.9537724	3.360478	14.2464752	38.8636172
512	24.118529	89.991346	16.852783	31.4667098	155.6366576
513	4.294894	41.4062572	3.1890144	14.0037344	36.454798
514	5.5242282	56.4981538	3.954344	15.4023828	60.7449598
516	3.227877	64.6924916	3.4292936	11.6327066	105.1291216
517	3.0901198	43.0679158	3.0151958	8.2762938	49.330416
518	4.6762804	42.86584	3.942968	15.5049272	42.24572
520	4.9635946	40.5399406	4.9327376	15.2827484	44.6145168
522	26.9052564	73.5712784	19.0138694	34.2021332	84.9274666
525	4.0368328	83.5996048	3.2173272	15.0926888	42.0611372
526	4.828707	79.7569948	3.271344	15.612816	45.8295862
527	4.3822268	70.9439762	3.1898724	14.7094152	54.238248
528	3.3037538	64.9622138	2.7903252	8.0836344	95.8154216
529	3.195239	41.6754132	3.4748056	8.3916464	88.6857212
530	4.9252386	41.5313914	4.1776254	15.5549488	41.4481696
531	4.413798	86.38886	3.664444	15.2652764	88.1509188
532	4.9925936	41.5083058	4.9212812	16.268968	40.8378528
533	23.0984272	86.5721224	16.106855	36.4423506	87.2766788
535	5.1449224	54.3089488	3.949722	15.7844844	34.6216158
536	4.1780928	67.8470866	3.5342412	15.702706	117.5075932
537	3.9240778	75.6759628	4.0220546	13.873546	121.2573116
539	3.788429	43.3474546	4.3377758	26.6273662	95.5218412
540	3.2282398	52.778941	3.5505434	11.6231168	66.1298516
541	5.3186892	125.576164	3.790762	16.2114004	62.4191788
543	24.0025296	86.478406	17.6607416	31.221773	79.1189772
545	4.1970292	54.3814056	3.3345212	15.33328	54.4869652
546	4.8569464	70.1220534	3.7870744	15.8009496	84.8401384
548	5.2534882	93.4676884	3.2235798	15.3312442	62.4474472
550	4.392238	64.530088	4.3069264	16.6709072	47.1022484
551	3.77552	44.1443518	3.5340482	10.9078546	55.7648984
552	3.3532994	43.4966678	2.556507	10.5984416	84.3754348
553	28.3936506	81.3188384	17.5540338	34.9537954	422.1799654
555	3.6053688	51.0337376	2.937683	15.6114188	54.759124
556	5.8634976	43.7890858	4.6710156	15.0468472	45.1071762
559	3.8267244	70.5294722	3.3427158	15.1861834	99.107632
560	4.1071924	83.6084472	3.6278944	14.3665118	83.679398
561	3.8002158	53.7398838	3.561096	13.3445456	57.308104
562	3.522651	52.43161	2.7790314	16.070384	46.0035326
563	3.5045138	80.8882066	3.4244318	9.5266164	59.9395608
564	3.9623696	96.9083642	3.0403612	9.2824346	75.153933
565	4.423664	60.6045548	3.0132164	15.0285292	58.114528
567	4.841533	55.178652	4.0545038	16.902015	48.5917374
569	5.1273538	76.9189594	3.4942724	13.093527	63.4223864
570	4.3465472	58.0514736	3.3964648	16.4754116	100.4121364
572	4.608883	61.6216204	4.849448	15.9398494	61.0765452
573	3.6099744	57.1529374	3.0550052	9.8937872	82.3424424
574	100.426177	99.9149148	17.0464344	45.7140382	99.794012
575	3.6936396	75.7947906	3.5322222	9.53587	108.7529854
576	3.917177	69.8642048	4.2669384	9.5550536	45.7357162
577	4.7320456	46.0678068	3.8640192	17.3497222	59.0840798
580	5.1383512	60.212518	4.0233244	18.2138432	107.5690216
583	3.888474	37.4362306	3.2456556	17.697015	44.2005078
584	38.4054284	91.295361	17.5823146	44.9613832	89.206489
585	4.1404268	58.052836	3.5790334	15.3371972	58.3617368
586	3.4576902	102.847119	2.5892896	9.9536068	111.9224274
587	5.1322378	49.0941764	3.352328	12.8743	48.4888402
588	3.7236006	46.9079462	5.1568878	13.68759	58.0523408
590	3.8021218	56.6405278	3.0051854	18.8995308	61.6576284
591	4.5189068	70.1959474	4.0738826	19.7355384	88.1492148
594	24.2946542	87.4831014	18.9783636	42.5043116	103.4712774
596	3.7442124	64.8889386	2.6775564	12.557137	78.23243
598	3.755532	113.1195398	2.6811274	11.9691016	93.9772444
599	4.310138	48.0703814	3.1454886	10.405128	42.434382
600	4.1026748	57.3696488	2.8954858	14.9082158	55.294398
602	4.6923822	68.6444886	3.312709	19.0231704	62.861565
604	23.7658712	98.8589218	17.4489216	44.4541076	112.5115932
605	3.8711248	59.3855458	3.163768	13.3483322	48.7324782
607	3.7480784	113.1497732	2.7901188	10.5546006	73.2305426
609	4.2001938	92.0565836	3.169265	10.4664838	86.7200802
611	3.745492	50.8176412	4.1972344	10.9516154	51.6316452
612	4.3376986	68.879686	3.6695112	15.7760954	69.506442
615	23.9439462	93.858973	17.2877394	41.7117916	94.362386
616	4.9910322	62.7435824	3.1809662	11.6830668	57.0947262
618	4.0348054	128.0582024	3.3716842	13.200035	68.0684754
619	4.1384864	56.0018372	3.3262822	21.1007366	54.7151536
621	3.9958812	78.7172256	2.7167348	10.8584448	105.8869972
622	3.6927506	46.4172098	2.8154824	13.4372696	52.5327918
623	4.3538418	696.6519736	3.3009224	20.0519898	73.9768398
624	4.9019838	59.3685164	3.644804	19.126022	57.9423482
625	22.510422	96.4527718	21.8250792	43.9119038	91.3816658
627	4.0224558	90.3586488	3.445503	11.8646676	64.1719788
630	3.7127936	156.5364272	3.4271632	13.4622938	148.7851896
632	4.0332292	84.7390632	2.8548558	11.013418	125.9472132
634	4.5662992	61.6443418	4.2864942	11.576884	53.4652118
635	24.8790712	94.5829986	19.9668106	34.0505604	80.6092478
636	3.4812196	66.61401	3.435645	14.2822954	61.5756762
637	5.664133	60.425528	4.8563116	14.2845376	59.9038394
638	4.2083566	223.0733272	3.2626746	11.9485518	56.7392032
640	5.4322404	93.096122	4.0181546	26.458028	93.4911792
641	4.6149254	132.8577004	2.9542824	13.7775562	135.9985496
644	5.21803	69.724222	4.9511932	20.7014604	67.4772484
645	23.9411834	108.0981086	19.859178	42.9767966	213.074312
646	4.219551	50.3598194	3.3622592	15.1384198	57.3281598
648	3.1174994	71.1050368	2.7759382	14.1781254	56.5196276
649	4.2060058	89.786015	2.9172802	12.187388	86.973144
650	5.9030288	72.464851	4.3494188	21.6179604	70.9260436
651	6.457056	81.7471122	3.7181932	19.8517138	79.9078464
652	4.2242422	110.1728384	3.1303658	11.7412746	129.4779098
655	3.709123	43.7017668	2.8848216	11.7588008	65.8513372
656	27.3391036	96.7241144	19.729225	40.1443314	97.1216692
658	4.1918794	58.7901864	2.923651	14.271388	66.4540366
660	4.175624	103.1079472	3.316926	13.0463712	113.6525528
661	5.4034348	77.9490336	4.3307354	14.299353	79.1030708
662	4.7401416	74.5952256	4.4361842	17.9412766	75.4531088
663	4.78696	65.9381196	3.234672	22.4211792	64.8953268
666	25.8849912	112.5091258	16.2586758	40.072542	107.6045794
667	186.2253678	63.3285538	2.941935	11.9976174	76.654882
669	4.3588246	63.3633696	2.797314	12.0165952	67.5646986
671	4.3183968	117.758444	3.2816184	12.820003	116.2072962
672	4.2512588	67.315509	3.1918516	13.3882286	60.7712054
673	4.8583838	98.743692	4.427277	22.9394176	76.0635504
675	4.1604568	82.8678516	3.2782442	12.1660018	105.1081656
676	25.2393372	99.0739714	19.7268954	44.7073206	109.6524056
677	4.6863194	69.7749312	3.9919932	23.9721022	114.1631408
678	4.2792572	66.2040328	4.5403636	20.1872596	67.9811096
681	4.0842104	61.6686706	2.9595234	16.024404	62.667292
682	4.2139072	103.114344	3.3190684	12.4015172	132.7543394
684	4.2129864	81.3768248	3.1539092	13.8618174	71.1515736
686	21.664071	98.6207918	20.1287554	45.983216	98.898144
687	5.5750908	62.1080598	4.2538296	22.7396206	71.4337644
688	4.472822	69.0099096	3.9178276	21.293354	70.580996
689	4.8072806	90.7918936	4.7592328	21.9650738	72.7219102
690	3.4212514	77.777893	2.7911014	17.605463	57.2278306
693	4.3645318	72.1586836	4.1448148	13.161386	72.3558188
696	3.4470888	88.8522792	3.1634116	13.6092576	74.9861218
697	27.4818324	92.0488944	19.4020168	48.8038532	90.0594238
698	4.5107768	81.3356066	4.6458094	17.4304904	88.7076444
700	5.9580984	73.3663408	4.0939228	23.8344896	65.359162
701	3.4914494	151.2174544	3.4284524	13.0452384	86.604698
702	4.1405056	72.4455834	4.5008894	20.4865094	62.9636964
703	107.812744	85.4546854	3.775978	23.3235126	79.1234982
704	4.4396632	165.8440032	3.2933288	13.422884	271.178254
705	3.3903412	76.5343484	4.4265904	23.9210144	58.489625
707	21.4130412	138.6357684	117.4002162	37.3978668	95.534775
708	4.0330916	108.224727	2.5804986	12.1214786	102.5090868
709	4.9986624	109.0039376	4.2986856	17.8033372	64.855522
710	4.6931204	94.4212762	4.7701876	18.458306	87.113076
712	5.862166	123.109944	4.651882	25.2295104	64.9795734
713	3.9163238	85.1833064	2.9086218	13.0051286	87.182146
714	140.349	85.4931462	6.5530238	19.4263884	138.9295488
715	4.1578016	154.8846642	3.0901912	17.4955054	113.0702706
716	3.2329376	97.026618	3.1157264	15.0321408	86.4901008
717	27.8881478	129.1826102	22.4232968	39.0080568	128.190353
720	3.4196808	135.4894232	3.1607318	22.8205792	102.436386
722	4.8002608	74.514992	5.3386024	22.5017498	76.4900816
724	3.8352956	80.7578026	3.0697496	13.5022218	217.3416818
725	5.2400008	69.5376872	4.1727852	26.8924236	76.8794156
726	4.5243338	177.8484308	3.613549	13.9647248	147.8681746
727	25.5510982	95.7080052	20.1845816	49.2293482	115.2966226
728	3.9573504	80.1426746	3.5392976	13.9621392	56.2915602
729	4.5561562	81.2151864	3.8302896	25.339778	83.4809412
731	4.6451844	92.0568256	4.7212454	14.131007	90.1686346
732	33.9207064	89.1674602	3.14715	13.6445564	132.678412
735	106.918645	134.8473142	3.936581	26.2752796	140.3550272
736	4.247624	91.7231312	3.8973404	15.5764454	130.6871708
737	5.1249724	78.100622	3.205809	26.7933376	78.3539304
738	23.4115718	148.673149	26.9694754	39.3142676	132.7990768
739	4.5443756	70.5248598	3.60534	21.1292944	78.7842364
740	3.9563908	91.6075694	2.999562	22.3753098	116.4184236
741	5.5251388	115.0034262	3.8291708	17.7702816	95.0008392
742	4.4578268	74.2088082	4.5127312	27.1936512	79.799495
744	3.201411	140.3203524	3.1134972	16.3127908	97.0712362
745	5.660518	108.1202592	4.9560688	30.5362006	105.6432618
747	3.7039366	98.9514292	4.3014692	21.4422756	114.2395292
748	26.1031796	99.6181884	18.4333854	44.58577	118.3098876
750	6.212932	97.7181372	4.5805624	24.5026786	99.233087
752	4.3495248	79.5770366	4.38456	16.0791998	104.3775434
753	4.4385672	80.6979146	3.7510544	17.8994176	95.9365676
754	4.614024	79.7513518	4.0402998	27.3262756	70.3462198
755	4.2586878	80.5677092	4.2219292	21.7196676	257.0589336
756	3.7166814	84.9163788	3.8441732	27.7169696	86.206858
758	22.2979464	109.597602	20.487583	46.1430184	112.324383
759	142.3514128	93.7905448	3.4905416	15.5136834	89.5785396
762	4.584142	114.391168	4.7158364	27.314352	100.8577808
763	4.5898888	121.0663278	3.1780674	17.1151004	144.3544532
765	4.54509	75.6295756	4.9332388	26.7450488	84.0367958
766	6.4599828	103.3045076	8.3160946	26.8954088	134.5691534
767	5.6492034	80.09257	4.621398	30.7680148	90.814658
768	3.938051	84.0325532	4.828784	28.1316132	182.5697356
769	4.4246448	87.1716292	3.089456	27.5261968	102.1559512
770	3.4916882	102.8680708	4.075069	16.2070274	89.2431982
771	5.5507872	104.5186128	4.226686	29.1773476	566.220089
774	5.7335012	146.2006168	3.6721382	19.4686214	153.064754
775	4.1993914	135.1214202	4.613002	17.9537884	125.4536334
776	4.1443936	90.2768386	2.9805044	15.6636284	80.8399752
777	4.5844384	93.7639998	5.4966996	34.468964	87.0467476
779	34.2389888	96.9811014	19.5740662	47.3373392	98.5385876
780	2.831613	77.7612004	3.801066	29.5181376	85.84472
781	4.7585098	138.6269072	3.4287318	16.2308098	127.9886454
782	3.8241792	110.8622194	3.4356276	17.1810622	139.0469258
783	3.7630618	90.237372	4.0152516	28.5730736	105.925602
784	4.553122	82.4720618	3.9081664	29.0829144	84.8472568
787	3.4898658	108.0008474	83.1091904	16.0298326	125.0615696
789	26.4343186	283.3162248	21.0159866	51.837525	115.6017516
790	4.1113032	96.8450588	4.3028902	29.114398	82.9318146
792	4.0373792	123.675196	3.9063716	18.3486392	113.6251996
793	4.2926064	135.8588952	2.8312458	16.8749208	103.516222
795	3.4135148	86.8113516	4.1947968	32.74761	188.8356304
796	177.64025	93.3886116	4.4939024	33.4009808	93.7534588
797	3.8449804	83.1465568	4.1070588	30.1062168	94.289168
798	4.3180068	82.778614	4.0981368	29.7102696	86.2982676
799	24.7824164	143.1251394	18.3254938	47.9637712	106.4689786
800	5.917828	101.1681636	3.7951202	34.29391	92.7656838
803	4.9178702	97.7085538	3.9560998	17.0170572	154.0152352
804	4.659308	92.861191	2.8161732	25.5506732	90.4798134
805	3.9004724	108.763224	3.0903004	16.8740432	158.67987
806	4.726399	148.4061244	4.3301502	21.2505566	167.4518268
808	3.0693692	249.5510124	4.4155892	34.186151	90.772808
809	25.585602	142.649492	18.3766258	43.8895054	151.5696688
810	3.6602984	93.4461644	3.2795428	36.0032612	82.7687288
811	3.8043768	82.7523402	3.4531092	33.5273716	94.9324536
812	3.8122848	102.9247648	4.4630896	30.8433556	86.4964894
814	5.1849046	92.5973466	4.3661526	17.4708134	126.5933106
816	4.3687228	149.458818	2.974533	21.504787	142.0779084
817	5.775614	189.8767224	4.838129	17.451147	155.1497626
819	5.7892428	103.5578596	4.6480106	31.4435292	92.4049138
820	28.7535004	114.226897	18.352376	56.7472694	148.5017778
821	4.7414972	92.5034046	4.8482602	29.883812	110.2548348
822	4.6795146	122.7138826	3.935287	26.7157082	97.9228382
823	3.663438	104.700436	3.8772824	28.2886106	104.2882576
825	3.1325256	94.2510784	3.6207484	34.5934754	97.681216
826	4.047568	87.1245396	3.087405	37.0804336	100.5658244
827	5.1665462	170.143213	4.3342762	18.3147398	185.8136822
828	4.9634996	114.5601752	4.9131538	19.9823612	88.6982086
829	5.7752652	145.33836	4.051392	31.0826062	238.7374816
830	26.2367032	164.5405384	19.234396	43.984694	161.7158184
832	4.9486408	105.4794026	3.2605484	29.0561092	80.7283948
833	4.4424626	99.1757438	3.5164386	34.0915636	101.1911506
834	4.1006402	112.9455714	4.132234	26.6642788	78.1592402
836	4.9351342	90.9936276	3.8300328	17.8369238	81.2116936
837	3.915676	103.0272356	4.132236	33.3335416	125.7045492
838	4.4491436	106.0260128	3.8590288	25.2830208	106.970496
839	4.0750374	167.6063554	3.6978122	20.0246536	221.9904064
840	2.58316	90.8269694	3.4597648	39.7696792	101.9515896
841	4.4080608	108.0141764	4.9638706	32.0617424	113.30927
843	4.3093328	108.8606398	3.6827722	19.0844072	96.7523458
845	5.414506	76.2612232	5.3530744	32.6849508	107.9570052
846	4.9927174	106.2624908	2.7246096	27.1801256	127.582625
847	4.9827856	97.7643614	3.8424612	18.9572536	110.3869984
848	5.6717528	87.7794116	4.7172896	32.6662006	126.4540592
849	5.122478	185.7205102	3.843174	19.1142788	216.886597
850	23.9247568	148.4907564	18.8673026	60.9691724	170.3095302
851	5.349246	170.9522352	2.884632	35.4009068	165.6987652
852	4.3900626	105.24379	3.8939772	32.4016416	114.4583472
854	3.71968	97.3254204	3.2188576	33.7872036	108.2351436
855	130.2118574	142.0410222	3.368703	27.293082	144.5970074
857	4.4774938	99.5843942	2.6271524	24.8400716	103.52937
858	4.8756258	98.2689876	3.8021974	18.7702824	111.8983812
860	4.826738	197.0468786	3.582519	19.2231872	197.222178
861	24.287122	171.0731046	30.9326306	47.8913766	151.0002614
862	4.0002944	158.4229184	3.197322	18.6628994	160.5514624
864	5.4964274	110.3307334	3.3939966	32.45366	94.6434094
866	4.6625928	169.183099	4.6114922	23.5255552	152.6191166
867	5.0529516	115.3398636	4.8562052	34.565872	118.8109848
868	4.5415964	107.129358	4.3067942	32.6238086	105.948903
869	4.5739686	108.215953	2.7258072	20.6577574	108.0217846
870	2.9197314	103.0512692	3.6093768	39.7342152	107.3611072
871	27.6155894	121.1711632	18.8146148	47.36737	175.1837336
874	3.7195318	102.7951054	4.6998376	29.5003068	107.5383996
875	5.7421852	117.1661144	5.8151696	35.1101428	120.1051492
876	5.1320012	97.0606128	3.8179208	32.8550012	122.7189604
877	4.0291214	112.3820268	4.0643064	35.2518152	101.7375268
879	114.3368836	106.9482188	4.2816416	33.1452934	120.2261572
880	4.8716732	102.6064252	3.629873	23.6693396	130.9568766
881	25.0733406	175.7703528	18.8250642	62.6684164	143.288528
882	5.8911942	99.8970334	4.835604	32.6284424	109.0593828
883	5.4130588	110.45302	3.9424	42.7655676	111.9206964
884	3.4064452	101.5457082	4.6466208	37.0426048	114.9286044
885	2.8880908	95.4565456	3.9299228	37.56344	353.049254
887	4.5359556	112.0479202	3.4574066	33.098611	108.916808
888	3.8117456	114.5578156	3.1241312	37.5080366	126.5744724
891	25.6961444	171.9258998	21.0088408	49.8301808	152.3833554
892	5.2142244	192.433346	3.9489034	22.856824	181.2280062
893	4.5951908	211.7239992	4.3836628	39.1924936	117.1568152
894	5.4595302	124.5099948	4.7409322	30.170223	114.412314
896	8.7312204	115.5518832	4.418816	36.4561012	117.757278
897	4.291602	103.7233492	4.2243168	43.8026368	114.008204
899	2.7743602	115.20405	4.0107808	38.6531236	115.8127224
900	3.3782374	105.4065952	4.2617564	36.8075372	112.4462096
901	3.7708774	124.6415552	4.056182	33.3723104	112.988796
902	23.8871498	186.7870504	20.9177024	56.0032674	146.344487
903	5.6284182	199.7559658	4.2324392	31.3584858	135.5770808
904	3.9016664	122.0625822	3.5886144	30.8148036	83.622062
905	6.5626354	126.478386	4.867927	37.221859	119.8431148
906	182.322422	117.8421086	4.8501898	46.8799224	118.6972984
907	4.3840012	119.0290548	4.8466816	42.6930444	124.2596456
908	4.5513966	172.1005712	4.1324226	38.7930588	164.628798
910	5.0649552	120.529218	4.0810708	41.4525636	119.2496544
911	5.5644586	192.4156052	4.2110034	24.989155	167.6655904
912	24.6466644	534.9879088	21.9387308	56.8163476	177.560711
913	3.556386	116.063436	4.2745488	43.1999724	118.8025544
914	3.1265932	113.9421116	4.9126784	37.4449424	141.764932
915	3.680481	138.5249408	4.26304	37.9857048	117.8919388
916	5.3917516	117.0414508	3.0957594	36.4890398	110.8059724
918	4.2675918	128.0388604	4.6128556	41.8580084	129.883692
920	4.594672	161.9404944	3.1797958	35.4142178	118.7870254
921	4.8046944	130.8316348	4.390739	55.141842	111.9342034
922	26.371641	183.3126978	32.0031622	59.147977	177.3251782
923	6.9939668	115.031512	4.7252612	38.442166	105.9146592
924	5.1351284	118.2259062	3.6968746	31.5454968	120.499534
925	6.4900368	134.2890772	4.8131092	46.8822968	108.818439
926	4.10993	121.759722	3.7117398	50.3926396	121.3796212
927	5.1080014	114.0849918	6.5818982	35.0775084	104.0284642
928	3.2228766	123.6924488	3.9572208	39.9305452	113.0332846
929	3.7981524	107.9882594	4.5696508	38.8168364	119.2539244
930	3.5770896	116.2026696	4.0611744	38.5922472	141.158542
931	4.326744	167.4015984	4.2427408	27.931563	134.695342
932	23.922895	142.6549718	19.3980092	58.1348366	206.5995526
933	4.88715	174.7951342	3.6253446	26.1972672	208.2707196
934	8.1466496	434.743551	7.8765034	36.2852798	186.870702
935	4.5344736	127.263778	4.0176036	48.1048004	129.6045004
936	4.336978	140.9924264	5.1781606	39.8013936	125.3765048
937	6.1390324	135.1357616	5.6057956	37.9201988	122.6093386
938	5.4211132	120.2202022	4.5666404	46.4732374	128.5380792
940	4.3295472	111.7469484	4.168844	44.9725248	128.1460896
942	3.56951	124.7215032	3.4402488	39.4330012	125.71504
943	23.9028794	160.3585412	19.8381196	52.447339	313.318637
944	3.14681	122.9988052	3.6779132	39.6091896	127.0027844
945	3.2754928	108.1144618	4.4740712	40.6379792	123.4238448
946	4.8712722	192.623568	4.304457	26.7194562	216.2838524
948	11.7441734	118.2514934	4.3936228	49.2898928	132.7454044
949	5.5098556	167.9392	4.710998	36.5966718	110.3836904
950	5.524582	121.20764	5.7753224	44.6165972	138.3185244
951	4.2558734	120.5342114	4.1828406	33.6933232	117.9680234
952	32.143952	119.7151638	4.646552	43.56354	133.77863
953	42.0018886	176.191379	17.8786964	51.7349982	177.2797294
954	3.0896782	136.5582036	4.559636	43.9320148	240.1606792
955	5.778292	127.9541358	5.0403868	42.1235692	147.8204288
956	5.8666536	138.5175208	5.5157196	40.9623784	141.28658
957	3.7112236	127.4799656	3.5288114	37.3235556	131.186002
958	3.899864	113.7952442	3.8102088	37.5259764	131.0485592
960	3.8210036	127.7420516	10.0534546	42.9835092	134.638802
962	5.3706972	114.6399608	5.4407068	42.714562	161.4914684
963	4.5698012	135.495105	3.8845262	43.42994	135.2659124
966	4.2717868	135.0372616	14.03738	42.3399902	137.3414452
967	4.333693	165.9621416	3.6328504	32.5149484	155.984908
968	5.1966788	169.9676378	4.0977118	42.9714086	196.538619
969	3.2783884	135.38097	4.3823172	37.4919774	141.9058404
971	3.3477078	139.9388064	5.7943508	43.5143932	134.5557504
972	3.6392748	135.9353206	2.6836348	53.7073332	106.4070542
973	3.5261624	130.4396396	4.5488772	42.2582508	134.8106208
975	3.4861816	121.1874016	4.3921408	42.0784264	118.321159
976	14.6654162	248.8739466	4.889755	32.650317	200.0714202
977	6.6879774	154.9292938	3.6267486	35.6015978	143.7088034
978	5.22039	185.2425932	4.190691	33.119767	235.4385476
979	6.219539	190.6686786	4.3288896	32.0862042	215.2857488
980	3.8810852	120.9142616	4.8234028	40.2843208	138.4062856
981	6.3391802	148.1940736	4.5342572	42.974144	149.4549036
983	3.4331134	142.1175996	3.9330692	43.0699524	111.6026202
984	23.4700304	154.6382538	19.4786804	53.2097374	221.094311
985	8.937055	168.9075476	3.9895886	52.2413928	143.7749916
986	3.5617006	123.3606002	3.9842008	41.2455962	139.5619576
987	10.401493	217.2503908	6.4391882	34.1232662	410.257927
988	4.1849304	147.2245952	4.9437216	41.4844182	138.3771216
989	4.0235616	124.0039538	3.9346474	41.4786706	140.4103468
990	3.9950196	106.1291236	4.8528296	43.8436064	138.8638016
992	5.8393692	122.5850394	5.0285808	34.9376478	156.161378
993	4.5739878	130.8032752	5.4145604	46.4093886	133.9617472
994	25.2449164	165.193792	31.9580568	60.3937888	227.1722422
996	4.1571156	101.4503968	5.5253198	35.2678768	153.5730216
997	3.3751078	137.1150648	4.4714552	35.1882674	139.4235568
998	5.4017104	117.7214194	3.5761224	32.2910746	129.1894388
999	6.3292772	122.9388886	4.8664902	27.7021058	157.8894036
1000	3.491504	141.245126	3.1228266	44.0770912	139.9348212
1001	5.0471866	174.3426648	3.6899158	40.2555998	194.135709
1003	3.7441406	138.8569952	4.12587	46.5283936	142.3929996
1004	27.1862116	243.562412	19.613216	62.4863352	221.3796956
1005	4.0091	145.7249212	5.623556	43.1730474	145.3704568
1007	4.1981974	130.4215478	4.7789322	40.959672	134.9575874
1008	3.6500652	132.1081188	4.1808988	47.1423736	134.9075004
1010	4.3830208	128.7984486	3.653386	38.0279182	96.3622918
1011	4.10691	141.4417072	4.6885376	40.3337242	129.8734226
1012	4.9060314	134.7157808	4.7475984	40.2484872	153.3096408
1014	23.8180064	254.5428796	19.0593048	56.1670314	248.838114
1015	4.2340276	142.7919496	4.4108308	45.5697996	144.0198192
1016	5.53739	150.8490476	5.2026216	43.5683998	161.0819056
1017	4.3417156	144.8416916	4.1295376	46.8002352	145.6016504
1018	6.8942268	247.6812864	5.5407484	39.875183	247.0034834
1020	3.7399454	127.150931	4.9664364	47.302106	131.8481724
1021	5.9458812	225.2725692	5.214964	31.7643232	128.0569414
1022	4.0418174	150.4228276	4.2484852	41.6798594	137.2112704
1023	4.8152416	296.2661988	3.354162	38.75123	175.0194556
1025	24.0630832	165.0902274	19.756173	54.7906882	188.418115
1026	3.9974918	151.332358	4.4229844	43.0472198	133.5170486
1027	6.125486	140.42334	6.1529944	51.1581232	144.9430002
1029	4.4764148	169.230348	6.7674504	48.591602	136.2187654
1031	3.8492916	122.5703814	4.7954044	46.6176824	275.5442864
1032	3.5873326	149.908178	3.6730156	42.5922876	117.274072
1033	10.400494	110.8601428	6.0542328	47.4399056	183.2750796
1034	4.6138964	191.7281402	4.4576242	42.6120256	155.8021198
1035	3.8093736	148.2913492	3.6500182	49.5246712	149.0886508
1036	4.5075444	150.4594352	4.3455858	42.8306696	153.2328856
1037	7.2220442	268.1975322	5.4896282	48.7397196	162.2103132
1039	5.2105746	158.3300692	4.7034408	50.3785428	143.3449232
1040	3.9301674	170.7576512	4.235896	43.2597798	153.4925188
1041	5.203016	126.649707	4.4625038	43.049395	170.3030612
1042	6.1160028	171.3594834	4.3855796	29.9840458	167.7391998
1044	22.9828532	154.2376452	4.126478	49.1551964	138.7921434
1045	4.2012628	138.4478098	4.6531096	47.265254	159.6597056
1046	5.165815	158.0127602	4.437321	45.43753	164.732276
1047	4.0783536	158.3024324	4.778502	49.1482608	152.3051036
1050	4.3193916	149.710838	4.6304788	47.9631784	136.0461662
1053	4.541335	160.9505444	5.2469506	43.68399	168.5254048
1054	2.9006176	236.4678668	4.6036928	49.4505584	174.4210204
1056	5.732074	231.3776294	4.9481558	31.0414572	204.6228514
1057	4.406894	136.95493	3.2006924	40.0948236	120.1323314
1058	2.9049854	162.7683484	4.7000196	44.3439336	162.9931856
1060	6.7535238	147.0578034	4.9223998	50.7012428	150.7262732
1062	4.506766	159.1368492	4.4177932	51.7229388	156.5881596
1064	4.1053916	154.8071644	4.9928012	49.7012872	159.39125
1065	4.36964	173.3465668	4.939662	48.8925404	155.1792056
1066	5.2771688	164.7169904	4.96853	50.3560232	167.5573764
1067	5.480153	242.2066646	5.2620864	31.086679	256.4510616
1068	34.0622668	158.445212	4.2894456	44.7870012	159.9465988
1069	10.5357222	355.4800048	3.4579594	46.6124274	148.3445532
1071	6.9046416	159.7585056	4.9386594	50.9797668	163.4034364
1072	5.4191636	165.7456708	4.4651434	44.8080394	175.0184784
1073	7.3161106	184.8179924	4.8406948	47.0089112	140.936712
1075	6.9992992	266.5213764	6.2039266	35.5865292	223.2121708
1076	3.6766326	158.3987388	4.0758228	51.4511064	161.181782
1078	5.0875846	148.614888	5.0071364	45.705859	166.1301092
1079	6.0043928	161.0185204	5.7122344	49.4467256	153.4720862
1080	4.6951528	161.6775204	4.5208756	45.368658	159.7161676
1081	4.4537776	151.2370494	3.8571084	52.3207432	181.7435522
1083	3.9565866	157.9973792	4.3327548	52.6407508	163.1861708
1086	4.5550296	132.8103812	4.3416666	51.2382788	168.8021896
1087	11.3909716	164.9518944	4.9561436	53.8540164	165.0391688
1089	6.1170842	231.7721668	4.7042374	48.2773872	193.1707328
1090	6.366066	161.3514522	4.8554246	46.706186	162.9085484
1091	4.1470464	166.3852416	4.4893964	71.224509	154.3803518
1092	10.7186292	149.0661754	4.8135838	54.3498732	170.0083492
1093	3.9391806	181.9413836	4.4576012	51.633658	348.6881068
1095	3.2634254	163.879782	4.1284428	53.1242812	168.8884384
1096	6.1895216	179.6042088	4.831186	58.2722256	180.7095852
1097	4.37655	172.3002696	4.2353376	50.4480462	169.77635
1099	8.7442932	149.7858948	5.112018	47.7191788	159.4709068
1100	3.3010418	242.45496	5.6278026	52.2805404	173.82054
1102	4.6355572	163.5901292	4.513224	53.0724848	168.3510292
1104	4.8174388	172.6946274	4.8841466	42.9528952	146.7135134
1105	8.3089	168.8591216	5.3380568	52.8679088	169.0575712
1106	3.8927736	152.462514	4.2621074	53.1947056	170.7464928
1107	3.6470848	178.9500744	4.6248516	48.959825	181.48937
1109	6.8196348	180.029396	3.56377	68.4046768	150.0350952
1110	4.2207104	169.9135696	4.3720962	66.9080004	168.5250784
1111	4.6541452	172.943342	4.3046148	55.0289208	155.6246212
1112	7.3232116	184.5468488	5.7302536	58.202113	193.8411652
1113	3.6763868	178.2989752	4.9939328	53.9008544	220.7421364
1114	5.5783474	191.3249052	4.3780594	40.1812428	176.7445436
1115	4.947871	189.1729452	3.6776012	38.4352246	190.8223676
1116	3.9675028	187.9483134	5.2795554	50.6475092	169.1683332
1118	7.1029002	182.0874076	5.5656912	57.4804808	181.1681208
1120	4.2419156	159.390368	12.2827924	55.9489704	178.7850396
1121	4.3306728	168.0077044	4.169558	54.2568924	171.479418
1122	7.1514668	190.5695492	4.645143	51.0180202	180.10396
1125	4.0091316	153.0784496	5.7048396	55.4993236	181.1843412
1126	5.0312706	159.1528894	5.8177244	43.917305	256.6896588
1127	4.6681766	215.9214288	3.403429	68.5333704	204.4740012
1128	4.8450978	199.6566406	3.7744398	41.2682868	186.6218788
1131	4.99227	177.4309348	4.9026728	54.7697652	183.08463
1134	3.7905808	182.7177252	5.316914	51.24036	186.7713464
1135	4.7037184	160.987568	5.6532288	88.3964572	160.5122464
1137	7.8546492	182.8564422	6.1029948	56.3040612	185.2477832
1138	4.7255754	222.6118956	3.4363896	45.4640634	202.6387576
1139	5.4482608	199.6387588	5.8067428	41.1789744	193.8899234
1140	4.017913	178.8203776	4.5948992	56.6238228	223.6664904
1141	7.3257288	182.3815208	4.6383168	51.8377866	182.7765136
1144	7.2122122	176.1099722	6.2349432	50.8375598	204.6606684
1145	5.0307216	178.8882116	5.6626716	57.0827692	183.0909004
1147	5.125248	177.1620132	4.8325124	57.268062	306.1503388
1148	4.4239552	189.4968196	6.001854	60.229049	189.7213448
1150	4.478044	164.3417796	5.3000872	56.0516332	189.9810536
1151	5.3420858	200.9543792	4.2038836	48.1868644	199.6400758
1152	4.660732	224.3651664	3.796177	42.104043	197.547377
1154	4.5912988	186.4031424	5.4144164	58.769266	244.8255288
1155	3.6502836	181.0320484	3.3593182	59.2403712	184.8590756
1157	9.560249	198.8589616	4.8383018	47.1514372	203.916864
1160	4.8834344	182.0800772	4.5498202	58.4210112	192.4630392
1161	3.4161972	176.5022898	4.5555008	58.3343244	195.0660992
1162	3.8477778	179.2495568	4.186442	58.6408428	186.6374368
1163	4.5211718	182.1888656	3.2699718	48.001284	200.6355296
1164	4.6912642	223.6980392	4.4886044	59.8696364	225.9942956
1165	5.446926	182.7503676	4.8852078	58.2115728	186.9495008
1166	6.2152594	181.6473822	4.920562	52.6320536	189.2052328
1168	3.753248	176.2373694	4.888672	73.8599604	198.8400924
1170	3.9511756	186.5338324	4.6481244	64.3370072	202.8841672
1173	6.4841352	190.1105508	6.4306332	55.5596328	164.4455566
1174	4.0370794	187.3998536	4.8986504	61.367906	205.7698468
1175	4.2497362	135.9043116	3.8472882	41.6589646	211.9760648
1176	3.4560554	144.374939	4.9932848	53.8796752	184.6645428
1179	5.3075356	186.3966658	4.8723238	47.4110922	252.2944998
1180	4.6326216	198.0861952	4.9513292	61.945352	195.824342
1182	3.7646914	198.8207968	4.666722	61.850822	189.4027768
1183	10.1293062	171.427192	6.1500044	55.3696872	195.1204918
1185	11.0185818	192.7044996	6.9752348	54.6548568	224.9412564
1187	7.0898064	216.4329104	5.8964128	63.062623	222.272524
1188	4.1002846	234.7423716	3.3883638	60.3092642	227.2326
1189	4.8736406	180.623732	5.4823548	73.7337602	384.6652196
1190	4.8525148	166.4864192	4.3924852	56.1920348	206.7802344
1192	4.240455	162.7749494	5.4062944	49.4943818	217.1233212
1194	4.9189704	209.548486	5.0233136	63.1365232	215.4709836
1196	3.8535934	173.4724068	4.6416716	61.6049124	214.274936
1197	4.8730812	186.3566464	4.9153336	62.0724848	190.27584
1198	8.230646	186.3480972	5.7841226	50.3077622	203.5783944
1200	3.169235	190.0372788	3.9278762	62.004942	208.078362
1201	3.6508592	207.0172256	4.474864	62.956602	188.200825
1203	4.7457156	184.9902156	4.5971902	64.9679904	196.9375496
1204	4.8216032	199.5985784	5.0617516	57.3786924	216.0575684
1205	4.5653534	215.881164	5.7717652	56.011134	221.1200528
1209	4.7468176	209.2179936	4.747556	61.672869	214.0863084
1210	4.656641	216.3521176	4.8607776	69.5394056	207.3726656
1211	5.098662	174.8862786	5.219896	62.983664	213.6302836
1212	5.5859572	216.8230572	5.3778114	72.5376848	193.3682472
1215	3.7064534	210.1617492	3.9697248	59.2836268	299.0368836
1218	4.4599352	193.65724	5.709296	63.7981408	199.0073182
1219	2.8725484	180.4633292	6.2970036	59.2907272	216.6733896
1222	6.6253024	397.27997	5.1161008	51.1927922	241.574342
1223	4.4190748	210.7788788	4.708886	63.5707716	218.4970636
1224	11.572354	244.1553328	5.7684768	53.7632966	210.1646088
1225	4.6431914	212.2475756	5.244486	67.42752	219.6333548
1228	4.1042426	230.41296	5.1224292	66.1608916	293.215555
1230	4.572312	210.722538	4.2612682	67.779322	221.7942008
1232	4.2937446	199.4555678	5.8160884	80.4667508	227.845468
1235	5.010076	238.3055244	5.4335642	52.7419368	213.554151
1236	11.7086596	245.7213304	6.7067356	52.5675408	187.4615922
1237	4.3532724	216.1340296	4.6851112	65.5522132	215.692244
1239	4.7598568	198.49531	3.9082142	65.704566	216.3911052
1242	4.4959688	206.5221372	5.8788494	66.5189204	224.887556
1245	3.7810068	180.695077	5.1604104	79.7811224	187.67757
1246	4.4633304	218.7882456	4.9486152	66.0444992	223.5703804
1247	3.7812434	214.887748	5.1114424	66.08985	229.9057412
1248	6.0942982	219.7929178	5.7545844	70.9204884	176.7644716
1249	8.879133	222.4574588	6.4363624	65.513456	198.955632
1250	7.4817928	244.9164184	11.2014568	55.7019464	231.4780858
1251	4.3878292	231.2016952	4.3702256	59.5931276	230.3001828
1253	4.3231318	199.3612248	4.724113	83.3435704	222.6525684
1254	5.3525116	224.5703504	5.1897092	78.768936	241.2507424
1255	4.4523996	230.7341148	6.2779484	68.126476	242.5270748
1258	4.5401972	211.5848134	6.1105164	55.256114	241.7028144
1260	3.4192514	229.176766	5.0609916	62.9074044	273.764204
1261	5.3675032	205.1528736	5.5738724	84.358136	222.6850724
1262	10.9548784	222.2396572	4.8147986	63.1052022	196.5712878
1265	4.2726072	211.081314	6.1438296	67.7488068	203.748924
1268	4.5671714	225.114886	5.274666	64.6165228	203.827628
1269	4.6803464	495.5977804	4.9682316	69.125326	215.191613
1272	4.4004462	227.566672	6.7699364	66.4012882	196.8670014
1274	4.4540098	327.9260388	4.5107438	69.0909988	267.6973176
1275	4.8662452	208.0077588	5.1702284	88.4869792	231.4466348
1276	6.1129872	224.68798	5.2114356	70.76958	239.3382416
1278	2.9365406	241.9313548	5.7848584	70.5218204	245.510044
1282	4.3167404	239.6719136	4.717358	70.429594	244.358498
1283	3.8451842	218.2496804	5.0195796	86.7161412	206.3093014
1285	4.1836026	208.7875206	6.5953988	64.0637324	258.4680916
1287	6.178634	155.6248046	6.3046012	57.0546946	224.729173
1288	4.6504516	225.6792664	4.8503308	80.6561356	234.4451912
1290	4.8149736	228.7587788	4.7088966	78.484837	238.152478
1292	4.3580974	310.6202348	6.493494	72.0897032	243.4042872
1296	3.7456602	251.912052	5.7927116	75.0210824	246.2284044
1298	4.205248	206.9088664	4.5755138	66.3807708	245.5219632
1300	4.906063	204.6368734	6.361306	73.5685796	214.274902
1302	5.326834	192.5916984	5.5189904	85.346108	245.8105404
1305	4.5463656	218.2150664	4.4964182	81.3536152	213.1419788
1306	4.337688	223.7521558	6.016124	69.0240382	208.8218608
1309	5.0641496	207.4728062	6.205096	65.0311566	256.684966
1311	3.6709084	231.7509012	5.7474632	65.8435884	234.9858318
1312	2.7250416	239.110128	4.6834468	85.2300108	243.9527788
1316	5.1712252	248.5135776	4.5280438	90.5369824	222.923172
1319	5.4740396	243.0660848	4.6599432	83.1019832	257.680132
1320	4.3964734	213.5248326	4.8429824	69.240295	253.9947024
1323	5.0653128	236.6457662	5.6442604	76.8813184	270.6879412
1325	5.1748608	236.4783806	4.8937546	51.9958076	244.5566392
1327	3.8003898	228.2714544	4.6621684	86.013472	266.4005912
1330	5.7248096	229.7749632	5.164486	93.4896848	264.483024
1333	4.9758848	277.7239956	5.1603968	78.2734522	271.0535424
1334	5.4815632	218.4745616	5.9523908	91.1457048	238.4727598
1335	5.1194436	240.7873908	5.0072862	73.6584772	254.7335456
1336	5.1254448	268.3374432	6.4307212	76.2335756	213.0186126
1339	5.3282836	255.7492716	6.4170196	95.142618	263.4983356
1342	4.951286	254.990122	5.5116628	70.6766976	263.78393
1344	5.3268148	270.4476736	5.3205376	98.0645992	268.145584
1347	5.2363732	274.7772248	6.6917756	76.6779884	281.0682736
1348	4.9740292	240.735752	6.2082434	89.279774	273.8654016
1350	10.2373072	239.0715992	5.3243608	81.0634428	278.5229468
1353	6.589046	260.6541808	6.5723712	98.9299652	277.721248
1357	4.5707812	244.6028936	5.9669412	76.5880152	249.2164436
1358	5.2901616	246.090159	6.1094336	97.1148628	276.9311684
1361	5.3100064	270.1037132	6.266722	95.8205016	274.8039432
1363	5.4677732	266.603078	4.6226998	88.4005768	263.5253244
1365	5.3633972	232.1590084	5.2780636	77.0929472	262.5322836
1368	5.4146352	281.6268952	5.4534076	102.0136588	274.794692
1371	3.9528352	317.5369048	5.5674352	78.2234328	249.854069
1372	5.4785556	288.587088	6.0211072	79.093494	280.133026
1375	5.4365984	276.5299812	5.4216748	103.2425112	284.7193448
1377	6.2914996	240.7198264	6.047201	81.3727576	283.7046172
1380	5.409939	247.6740708	6.968296	63.774771	263.6424864
1382	6.3449364	287.3748784	6.9131972	83.4840576	249.3919836
1386	4.4951738	269.8501036	5.4629884	83.6266656	270.3129648
1392	5.1319056	278.6537572	4.9169802	75.8874338	253.480717
1395	4.6582606	270.4715712	6.0629894	81.5435288	279.6133432
1396	6.1169104	296.8342532	5.9774656	83.5932328	288.626532
1400	5.7946268	288.25926	4.8836544	102.0837984	264.8911448
1401	59.8744456	275.4727684	4.8920526	81.4474432	286.2890268
1406	4.1332634	264.6046846	5.1626108	84.5892284	290.6253248
1410	5.0708316	284.2047596	3.9197926	77.4937738	295.2921464
1416	4.9974946	287.8566428	4.8372264	86.6002312	283.9352552
1421	5.7319428	266.7586164	5.5072608	66.1128046	295.8832476
1425	5.2338864	288.2795468	5.8825268	83.9248396	301.6065628
1430	4.715447	299.8179752	5.3344296	87.507622	290.8321504
1435	5.092688	260.3817652	5.933032	84.78165	298.0374664
1440	4.2028516	293.4091544	5.8357584	88.8635396	295.3524776
1445	5.3974344	300.4309024	5.7298742	77.3495074	274.2698638
1450	5.06516	297.2211916	5.1987208	87.4279236	312.0204836
1455	5.3957648	308.367304	7.0877124	71.4064684	270.600294
1460	5.750784	291.0379904	5.852021	88.3005584	298.4992616
1470	4.9922954	314.6536172	6.8933968	90.8827852	315.13158
1475	4.9476318	309.3064596	5.1426788	80.6466096	318.2927012
1485	5.340154	305.920768	5.5527708	92.2322116	305.0948288
1500	5.87533	314.7344016	5.6114624	95.7969656	367.8207224
