Uniques	Duplicates	X2	M2	S2
10	1	0	0.1336	10.3844334
10	2	0	0.1342	2.8514604
10	3	0	0.1502	2.7726944
10	4	0	0.1234	1.7908108
10	5	0	0.108	1.7045102
20	1	0	0.1252	8.7293352
20	10	0	0.1268	2.3619272
20	2	0	0.1408	2.5069618
20	3	0	0.1426	4.0479344
20	4	0	0.1186	3.366314
20	5	0	0.1474	3.4664344
20	6	0	0.1316	3.129403
20	7	0	0.107	1.9192508
20	8	0	0.2754	2.2294434
20	9	0	0.1268	2.163342
30	1	0	0.1354	16.8030012
30	10	0	0.1346	1.5445388
30	11	0	0.1306	1.1567934
30	12	0	0.1446	1.6444394
30	13	0	0.1724	1.6718308
30	14	0	0.1458	2.1847144
30	15	0	0.1586	2.4485128
30	2	0	0.1356	5.19334
30	3	0	0.15	4.8210868
30	4	0	0.1508	3.667765
30	5	0	0.1952	4.0454752
30	6	0	0.119	3.6041904
30	7	0	0.192	2.4912932
30	8	0	0.1648	2.6170806
30	9	0	0.162	1.7481524
40	1	0	0.1728	13.9104064
40	10	0	0.1854	1.3938174
40	11	0	0.1908	1.9750014
40	12	0	0.183	2.803705
40	13	0	0.2286	2.4732452
40	14	0	0.1798	2.5778146
40	15	0	0.1956	2.440856
40	16	0	0.1714	2.1653788
40	17	0	0.5102	2.4752024
40	18	0	0.9124	2.2334356
40	19	0	0.16	2.1668272
40	2	0	0.209	6.0975092
40	20	0	0.6548	2.434678
40	3	0	0.2446	5.929894
40	4	0	0.2238	5.0959288
40	5	0	0.1478	4.2453284
40	6	0	0.1942	2.6849498
40	7	0	0.1666	1.782087
40	8	0	0.1832	1.7971338
40	9	0	0.3746	1.4617342
50	1	0	0.1716	15.206967
50	10	0	0.1898	1.6035506
50	11	0	0.2346	1.808985
50	12	0	0.2268	1.5966736
50	13	0	0.2096	2.3548266
50	15	0	0.1886	2.7407828
50	16	0	0.1686	2.5870848
50	17	0	0.1992	2.4107728
50	18	0	0.2102	2.4014
50	2	0	0.188	6.0380636
50	20	0	0.2282	2.3419888
50	21	0	0.1974	3.0349504
50	22	0	0.2804	2.4378176
50	23	0	0.243	2.158258
50	25	0	0.2206	2.551004
50	3	0	0.1732	6.2257504
50	5	0	0.1952	5.3624648
50	6	0	0.1952	3.4628148
50	7	0	0.2458	2.9131416
50	8	0	0.343	1.9955054
60	1	0	0.2012	23.0796562
60	10	0	0.2116	1.7032752
60	12	0	0.17	1.5733312
60	13	0	0.215	2.2801278
60	15	0	0.2128	2.568625
60	16	0	0.2008	2.3504738
60	18	0	0.1912	3.0726112
60	19	0	0.1898	3.0753286
60	21	0	0.2078	3.2542244
60	22	0	0.2262	2.7955172
60	24	0	0.2324	2.1834044
60	25	0	0.324	2.7528848
60	27	0	0.2086	2.6234248
60	28	0	0.2104	2.2394576
60	3	0	0.2064	7.4824984
60	30	0	0.1826	2.494322
60	4	0	0.228	6.4596172
60	6	0	0.3786	4.4281426
60	7	0	0.1784	3.3855592
60	9	0	0.2246	1.9152152
70	1	0	0.1974	15.6512978
70	10	0	0.2306	1.7362216
70	12	0	0.2428	2.0246818
70	14	0	0.2326	1.8352934
70	15	0	0.2222	2.2129784
70	17	0	0.2458	3.746572
70	19	0	0.21	3.4868664
70	21	0	0.2048	3.6097464
70	22	0	0.225	2.3545206
70	24	0	0.4136	3.754358
70	26	0	0.2072	3.074814
70	28	0	0.245	3.4366804
70	29	0	0.3274	3.701928
70	3	0	0.1796	7.1582408
70	31	0	0.189	3.064991
70	33	0	0.2788	2.896674
70	35	0	0.2282	3.2004048
70	5	0	0.2344	5.9757904
70	7	0	0.2428	3.6978632
70	8	0	0.217	1.8154208
80	10	0	0.2218	2.1022744
80	12	0	0.2242	1.8242214
80	14	0	0.2026	5.7289762
80	16	0	0.2432	2.112524
80	18	0	0.2166	3.1067886
80	2	0	0.1934	17.914643
80	20	0	0.249	2.798352
80	22	0	0.2062	3.1941964
80	24	0	0.208	3.4507522
80	26	0	0.2226	2.5699958
80	28	0	0.2782	2.84039
80	30	0	0.2406	2.5301462
80	32	0	0.258	2.9097784
80	34	0	0.2494	2.9538488
80	36	0	0.2298	2.3950002
80	38	0	0.2436	2.4481752
80	4	0	0.2116	8.9248868
80	40	0	0.2524	2.3731414
80	6	0	0.248	5.8635588
80	8	0	0.2284	3.945988
90	11	0	0.241	2.5150232
90	13	0	0.259	2.5987714
90	15	0	0.2306	2.923486
90	18	0	0.2052	2.2347598
90	2	0	0.2146	16.1722406
90	20	0	0.257	2.8151458
90	22	0	0.248	3.034643
90	24	0	0.2586	3.0394306
90	27	0	0.2062	2.917201
90	29	0	0.2498	2.2700446
90	31	0	0.2354	2.7528356
90	33	0	0.2352	2.5546724
90	36	0	0.3256	2.5628232
90	38	0	0.2634	2.6350288
90	4	0	0.2082	6.6030306
90	40	0	0.2408	2.965616
90	42	0	0.2582	3.1569532
90	45	0	0.2386	3.4289868
90	6	0	0.2842	4.746607
90	9	0	0.2654	3.0638496
100	10	0	0.2344	3.112365
100	12	0	0.2296	2.2074318
100	15	0	0.2364	2.0630624
100	17	0	0.2356	2.4195754
100	2	0	0.221	19.5628096
100	20	0	0.247	2.8199918
100	22	0	0.3846	1.9604248
100	25	0	0.2374	2.8069024
100	27	0	0.2474	2.3171628
100	30	0	0.2398	3.5553716
100	32	0	0.2592	2.5954624
100	35	0	0.2334	3.4267272
100	37	0	0.2714	2.972696
100	40	0	0.2406	3.0404868
100	42	0	0.2798	2.6865104
100	45	0	0.2552	3.1723204
100	47	0	0.2824	2.9251556
100	5	0	0.2492	8.0948444
100	50	0	0.3014	2.847847
100	7	0	0.255	6.01664
110	11	0	0.2748	3.0729942
110	13	0	0.3036	2.6634332
110	16	0	0.2594	1.9500248
110	19	0	0.2714	2.9846048
110	2	0	0.2916	18.8888792
110	22	0	0.2316	2.4377698
110	24	0	0.2702	2.3221072
110	27	0	0.2974	2.7037156
110	30	0	0.2386	2.1495352
110	33	0	0.2572	2.9358548
110	35	0	0.2686	2.8591356
110	38	0	0.2648	2.5729738
110	41	0	0.2606	3.2483716
110	44	0	0.3424	3.3155704
110	46	0	0.28	2.8983504
110	49	0	0.2658	3.3003444
110	5	0	0.4756	7.2953406
110	52	0	0.2662	2.6822798
110	55	0	0.2746	2.646145
110	8	0	0.2286	4.2020672
120	12	0	0.264	2.8656558
120	15	0	0.2648	2.84468
120	18	0	0.2506	2.7043034
120	21	0	0.2666	3.457827
120	24	0	0.3048	2.5604266
120	27	0	0.2926	3.5274954
120	3	0	0.2722	17.2638896
120	30	0	0.3202	3.6509988
120	33	0	0.2676	3.2547818
120	36	0	0.283	3.4394474
120	39	0	0.3018	2.6949626
120	42	0	0.3114	3.433578
120	45	0	0.2768	3.2840616
120	48	0	0.2796	3.5545748
120	51	0	0.3336	3.2635048
120	54	0	0.348	3.067336
120	57	0	0.3674	2.7835424
120	6	0	0.2748	7.2601146
120	60	0	0.3212	3.2395368
120	9	0	0.3174	5.2305522
130	13	0	0.2982	2.670356
130	16	0	0.3216	2.8422842
130	19	0	0.3322	2.742072
130	22	0	0.287	2.8738952
130	26	0	0.3544	2.6788168
130	29	0	0.2926	3.38959
130	3	0	0.4696	20.0697012
130	32	0	0.3448	3.8357114
130	35	0	0.2854	3.3539192
130	39	0	0.3038	4.1237424
130	42	0	0.3134	2.7727952
130	45	0	0.3124	3.7625492
130	48	0.1	0.3728	3.158294
130	52	0.1	0.3156	3.6057988
130	55	0	0.3276	3.2163468
130	58	0	0.2908	3.1263174
130	6	0	0.3908	8.8420402
130	61	0	0.3194	3.6812312
130	65	0	0.3258	3.4705336
130	9	0	0.292	3.4948968
140	10	0	0.3358	4.3009192
140	14	0	0.3556	4.0367826
140	17	0	0.3196	3.1527584
140	21	0	0.4046	4.3885602
140	24	0	0.326	3.8837242
140	28	0	0.4356	3.9830074
140	3	0	0.3634	17.5528098
140	31	0.4	0.4656	4.3061768
140	35	0.6	0.339	5.0941338
140	38	0	0.6038	4.9051536
140	42	0	0.4122	4.6321126
140	45	0	0.3662	4.0198236
140	49	0	0.387	4.8982072
140	52	0	0.3628	9.160248
140	56	0	0.3404	3.9598838
140	59	0	0.3054	4.9188028
140	63	0	0.3158	4.1830548
140	66	0	0.3244	3.7970734
140	7	0	0.3606	6.9402924
140	70	0	0.3166	4.2217188
150	11	0	0.2878	5.4106242
150	15	0	0.2942	4.28065
150	18	0	0.3174	3.2849868
150	22	0	0.322	3.8871496
150	26	0	0.341	2.8056418
150	3	0	0.282	21.4362874
150	30	0	0.3432	2.8147732
150	33	0	0.301	3.2823138
150	37	0	0.294	4.7973782
150	41	0	0.3408	5.1685676
150	45	0	0.3558	3.9845948
150	48	0	0.3072	3.6445278
150	52	0	0.3264	3.894882
150	56	0	0.327	4.4008456
150	60	0	0.3262	4.0791466
150	63	0	0.3624	4.3507364
150	67	0	0.308	4.2023564
150	7	0	0.3002	7.5729088
150	71	0	0.353	3.688536
150	75	0	0.3934	4.2333588
160	12	0	0.3886	4.688735
160	16	0	0.4304	3.6853442
160	20	0	0.383	3.3950508
160	24	0	0.4268	3.1521074
160	28	0	0.3846	3.6486204
160	32	0	0.347	3.4515006
160	36	0	0.3652	4.0839668
160	4	0	0.4434	19.3085652
160	40	0	0.4184	4.7066468
160	44	0	0.4142	3.9951308
160	48	0	0.421	4.9215644
160	52	0	0.4058	3.9172382
160	56	0	0.3398	4.8245326
160	60	0	0.334	4.8151884
160	64	0	0.3978	4.2033292
160	68	0.2	0.4226	4.3233276
160	72	0	0.3224	3.7019294
160	76	0	0.3578	3.51238
160	8	0	0.312	5.903642
160	80	0	0.3704	4.641944
170	12	0	0.3652	5.3647554
170	17	0	0.3234	4.2753012
170	21	0	0.4026	3.4374368
170	25	0	0.4014	3.5697474
170	29	0.2	0.4112	3.7972144
170	34	0	0.3772	3.4086674
170	38	0	0.5514	3.5623124
170	4	0	0.443	19.71615
170	42	0.1	0.3846	4.5425664
170	46	0.1	0.3498	4.2034788
170	51	0.2	0.3512	3.9997132
170	55	0	0.378	5.0582764
170	59	0.2	0.3456	5.102058
170	63	0	0.3714	5.0839144
170	68	0	0.3682	4.2969328
170	72	0	0.3662	4.5519996
170	76	0.2	0.373	5.7152942
170	8	0	0.3882	6.2179344
170	80	0.7	0.3866	4.3106832
170	85	1	0.3762	4.6433512
180	13	0	0.318	4.76547
180	18	0.5	0.336	3.6841606
180	22	0.7	0.4162	3.8501402
180	27	0	0.3738	5.3834696
180	31	0	0.3334	3.6807742
180	36	0	0.388	3.4679404
180	4	0.1	0.4388	24.2689328
180	40	0	0.3528	3.6812316
180	45	0.2	0.458	3.1265478
180	49	0	0.4564	2.8136542
180	54	0	0.3564	3.2254674
180	58	0	0.3748	3.0425988
180	63	0.5	0.3716	4.069651
180	67	1	0.4326	3.1048766
180	72	1	0.4008	4.9272544
180	76	1	0.39	4.588178
180	81	1	0.3916	4.546788
180	85	1	0.4654	3.9994844
180	9	0	0.3538	8.0693352
180	90	1	0.5024	4.1848872
190	14	0	0.3778	3.682706
190	19	0	0.3498	3.876561
190	23	0	0.4192	2.9210078
190	28	0.2	0.5056	3.8897916
190	33	0	0.4024	3.9320692
190	38	0	0.5026	3.9765062
190	4	0.1	0.339	20.602565
190	42	0.2	0.3982	3.6899196
190	47	0.2	0.4392	5.174824
190	52	0.7	0.455	4.4168978
190	57	1	0.4058	4.6644674
190	61	1	0.3882	4.9655692
190	66	1	0.41	5.192034
190	71	1	0.4784	5.0843368
190	76	1	0.4294	3.128704
190	80	1	0.4334	4.6316092
190	85	1	0.4104	5.1478164
190	9	0	0.3294	13.1753126
190	90	1	0.4106	4.073154
190	95	1	0.4224	3.882552
200	10	0	0.3582	12.4078338
200	100	1	0.4166	4.8879084
200	15	0	0.3506	4.7299074
200	20	0.2	0.3676	4.6636392
200	25	0.2	0.3758	4.2477324
200	30	0	0.5056	4.085918
200	35	0.5	0.4734	3.633282
200	40	1	0.4156	4.8058338
200	45	1	0.4256	3.8370472
200	5	0.1	0.417	20.4892232
200	50	1	0.4492	5.2714638
200	55	1	0.4506	5.5201662
200	60	1	0.447	5.6593152
200	65	1	0.4378	4.9050302
200	70	1	0.4086	5.5060692
200	75	1	0.428	5.494844
200	80	1.2	0.4268	4.9998158
200	85	1	0.433	6.3552452
200	90	1	0.4592	5.5248318
200	95	1	0.4282	4.9667352
210	10	0	0.4258	7.6707364
210	105	1	0.4844	4.4342132
210	15	0.3	0.4094	4.5894412
210	21	0.4	0.4054	3.968318
210	26	0.9	0.478	3.710549
210	31	1	0.4242	3.8606912
210	36	1	0.4204	3.6499348
210	42	1	0.429	3.1178474
210	47	1	0.4166	3.7397012
210	5	0.3	0.463	22.901596
210	52	1	0.4	5.1545472
210	57	1	0.4748	5.0354106
210	63	1	0.4214	5.4705628
210	68	1	0.431	4.6167176
210	73	1	0.4214	5.3817744
210	78	1	0.4432	4.9246532
210	84	1	0.4476	6.4440448
210	89	1	0.4394	5.9202432
210	94	1	0.4932	5.4455632
210	99	1	0.4402	4.771994
220	104	1	0.4996	6.0208688
220	11	0.9	0.4182	6.4353918
220	110	1	0.4688	5.1881572
220	16	1	0.5242	6.6103046
220	22	1	0.4532	4.0228366
220	27	1	0.4434	4.3391528
220	33	1	0.4442	3.537372
220	38	1	0.5034	3.4702952
220	44	1	0.4894	3.3821726
220	49	1	0.5462	4.5455118
220	5	0.3	0.4212	23.4275824
220	55	1	0.4426	4.8194034
220	60	1	0.4628	4.4017712
220	66	1	0.5394	5.5917834
220	71	1	0.4558	4.4804758
220	77	1	0.4672	5.0071952
220	82	1	0.4638	5.1679968
220	88	1	0.4528	5.91549
220	93	1	0.6018	5.7742496
220	99	1	0.4952	5.4906812
230	103	1	0.6206	3.8399522
230	109	1	0.4858	3.148297
230	11	1	0.4404	7.3920964
230	115	1	0.5804	4.488758
230	17	1	0.4648	4.8044926
230	23	1	0.4192	3.902264
230	28	1	0.469	4.9121852
230	34	1	0.432	3.410992
230	40	1	0.4332	3.8484946
230	46	1	0.4648	3.0451262
230	5	1	0.4084	21.5705604
230	51	1	0.4474	5.6460452
230	57	1	0.507	4.9622746
230	63	1	0.5006	4.4730906
230	69	1	0.4592	6.0385768
230	74	1	0.4754	5.9260564
230	80	1	0.4952	4.9552974
230	86	1	0.5674	3.2614176
230	92	1	0.5118	4.5693108
230	97	1	0.4658	5.248972
240	102	1	0.496	4.8988456
240	108	1	0.514	4.8982266
240	114	1	0.5214	5.9588308
240	12	1	0.429	6.6735198
240	120	1	0.705	5.6971504
240	18	1	0.4716	4.820569
240	24	1	0.6466	5.2834304
240	30	1	0.6682	5.4544934
240	36	1	0.5366	3.7972854
240	42	1	0.5266	4.7240782
240	48	1	0.5504	3.5282054
240	54	1	0.494	4.7209928
240	6	1	0.445	24.3608228
240	60	1	0.4836	5.9502624
240	66	1	0.4768	5.5280898
240	72	1	0.5624	5.2025924
240	78	1	0.4586	4.708407
240	84	1	0.529	4.516874
240	90	1	0.5916	5.9428064
240	96	1	0.5804	5.6932336
250	100	1	0.6334	5.226248
250	106	1	0.5626	5.9902228
250	112	1	0.4884	5.6532588
250	118	1	0.6084	5.1995212
250	12	1	0.5888	7.3285028
250	125	1	0.595	5.4385044
250	18	1	0.5582	4.5727938
250	25	1	0.4682	3.825235
250	31	1	0.4638	4.3235598
250	37	1	0.6048	4.120962
250	43	1	0.4958	3.8540938
250	50	1	0.5504	5.6121162
250	56	1	0.662	4.696317
250	6	1	0.4836	22.0054176
250	62	1	0.5212	4.9922162
250	68	1	0.5402	6.1678452
250	75	1	0.545	5.9321702
250	81	1	0.705	5.7572626
250	87	1	0.5056	6.3969484
250	93	1	0.5222	6.0963176
260	104	1	0.5276	5.5587872
260	110	1	0.5662	6.0599926
260	117	1	0.5426	6.2372176
260	123	1	0.55	5.6262132
260	13	1	0.4844	10.8244628
260	130	1	0.564	4.2927974
260	19	1	0.6666	4.8740898
260	26	1	0.482	4.0003708
260	32	1	0.4932	3.96962
260	39	1	0.5126	4.6449918
260	45	1	0.5168	3.7835642
260	52	1	0.4974	5.3505976
260	58	1.2	0.509	4.901432
260	6	1	0.5616	20.909607
260	65	1	0.6284	5.4237734
260	71	1	0.727	5.8674466
260	78	1	0.6266	6.6600448
260	84	1	0.5074	5.6941444
260	91	1	0.536	6.2599628
260	97	1	0.5268	5.3837536
270	101	1	0.5604	5.378196
270	108	1	0.5552	6.0429448
270	114	1	0.5672	5.3544734
270	121	1	0.6226	5.502472
270	128	1	0.5712	4.1281034
270	13	1	0.5284	6.6573584
270	135	1	0.5726	4.4373412
270	20	1	0.5478	4.7679726
270	27	1	0.4926	6.0298898
270	33	1	0.5386	7.438633
270	40	1	0.518	4.368584
270	47	1	0.5008	4.1613588
270	54	1	0.5136	4.3634344
270	6	1	0.5392	26.488999
270	60	1	0.542	4.3249536
270	67	1	0.5308	5.9230026
270	74	1	0.6182	5.7064636
270	81	1	0.5524	6.4525068
270	87	1	0.5304	5.9480144
270	94	1	0.682	5.8255046
280	105	1	0.604	7.2195852
280	112	1	0.6252	7.1634068
280	119	1	0.5854	5.4908976
280	126	1	0.672	5.972757
280	133	1.2	0.5812	4.1690174
280	14	1	0.5596	6.9312438
280	140	1	0.642	6.2691144
280	21	1	0.5606	5.5253752
280	28	1	0.5166	5.6150064
280	35	1	0.5444	4.7015858
280	42	1	0.7348	3.9127786
280	49	1	0.5114	4.1085502
280	56	1	0.5376	4.6064304
280	63	1	0.5998	5.4966084
280	7	1	0.4744	28.0196342
280	70	1	0.5638	5.5657816
280	77	1	0.5468	6.203751
280	84	1	0.5482	3.8741214
280	91	1	0.6868	5.6926488
280	98	1	0.5592	5.8033968
290	101	1.1	0.5302	6.61475
290	108	1	0.5448	6.899482
290	116	1	0.555	6.8591216
290	123	1	0.6042	7.6529356
290	130	1	0.5822	8.611601
290	137	1	0.5456	6.244818
290	14	1	0.6344	6.216755
290	145	1	0.5714	5.6830952
290	21	1	0.5894	5.6544716
290	29	1	0.5512	4.7020334
290	36	1	0.6142	4.8403948
290	43	1	0.5854	4.8681236
290	50	1	0.5878	4.0295818
290	58	1	0.5764	4.6607082
290	65	1	0.5022	3.8878098
290	7	1	0.5084	27.7288108
290	72	1	0.5234	4.7315214
290	79	1	0.5556	7.1138808
290	87	1	0.569	4.6608652
290	94	1.1	0.5682	6.6391688
300	105	1	0.573	6.8325416
300	112	1	0.5478	5.8191696
300	120	1	0.5754	7.2484372
300	127	1	0.8228	6.0487676
300	135	1	0.5712	7.0646248
300	142	1	0.6238	5.1222336
300	15	1	0.5346	6.2815832
300	150	1	0.6068	6.4332932
300	22	1	0.5604	4.7914954
300	30	1	0.5372	4.6371176
300	37	1	0.6148	4.3090998
300	45	1	0.5876	5.6091704
300	52	1	0.532	3.3034042
300	60	1	0.548	5.3447928
300	67	1	0.5326	5.1522254
300	7	1	0.5194	28.6342552
300	75	1.2	0.548	6.85737
300	82	1	0.64	6.1576782
300	90	1	0.6334	6.6417398
300	97	1	0.5536	6.1454786
310	100	1	0.678	4.4649234
310	108	1	0.592	6.043913
310	116	1	0.7	6.5230006
310	124	1	0.771	5.9441388
310	131	1	0.6584	7.1280388
310	139	1	0.7436	6.992348
310	147	1.2	0.5994	6.88669
310	15	1	0.5474	5.9509582
310	155	1	0.6128	10.6916832
310	23	1	0.6946	6.7776064
310	31	1	0.5618	4.5329672
310	38	1	0.7054	5.0058728
310	46	1	0.648	4.1371724
310	54	1	0.6066	4.2931544
310	62	1.2	0.7082	4.1111742
310	69	1	0.6258	4.7971658
310	7	1	0.6086	38.7055264
310	77	1	0.7056	7.1792468
310	85	1	0.7148	5.7585392
310	93	1	0.7586	8.0705184
320	104	1.2	0.5888	5.7836152
320	112	1	0.7142	6.3366832
320	120	1	0.7838	5.1657052
320	128	1	0.8648	5.627678
320	136	1	0.7634	6.2463068
320	144	1.2	0.6118	6.7403584
320	152	1	0.6912	9.6199012
320	16	1	0.587	6.7626024
320	160	1	0.6268	5.1146812
320	24	1	0.6294	5.0457216
320	32	1	0.5452	5.22431
320	40	1	0.6028	5.1508626
320	48	1	0.5944	4.27603
320	56	1	0.55	3.9720764
320	64	1	0.7492	4.7675304
320	72	1	0.7968	5.0259318
320	8	1.4	0.6104	24.5698328
320	80	1	0.6252	6.6406434
320	88	1	0.7356	5.9717334
320	96	1	0.787	6.2142538
330	107	1.1	0.6688	7.8896982
330	115	1.1	0.9094	7.5399988
330	123	1	0.6456	8.4085032
330	132	1	0.789	7.283052
330	140	1	0.6694	6.873558
330	148	1	0.6266	6.1498252
330	156	1.1	0.8108	10.7379284
330	16	1	0.5864	6.344248
330	165	1.1	1.4182	3.9619604
330	24	1	0.6032	5.2215412
330	33	1	0.6844	4.6207108
330	41	1	0.9032	4.6041914
330	49	1	0.7172	4.2084666
330	57	1	0.7244	4.191844
330	66	1	0.832	7.103257
330	74	1	0.7612	6.7993554
330	8	1	0.582	23.2585538
330	82	1	0.8508	8.0109772
330	90	1	0.6238	7.3922808
330	99	1	0.7584	6.6663468
340	102	1.2	0.9568	6.5899146
340	110	1	0.8776	7.6900092
340	119	1	0.6838	6.9894012
340	127	1	0.728	5.4142396
340	136	1.1	1.6744	6.2164948
340	144	1.1	0.6488	5.397249
340	153	1.6	0.65	5.0451676
340	161	1.9	0.6564	10.4537768
340	17	1	0.6728	5.5373386
340	170	2	1.2484	5.2161176
340	25	1	0.8966	5.9220672
340	34	1	0.6906	5.6943336
340	42	1	1.168	6.4735304
340	51	1	1.1016	5.5761378
340	59	1	0.9224	5.367434
340	68	1.6	1.913	5.7506788
340	76	1	0.7286	7.3949128
340	8	1	0.8578	33.3506772
340	85	1	1.0536	7.8524068
340	93	1	0.641	8.0049912
350	105	1	0.6412	5.8668152
350	113	1	0.6858	5.5528222
350	122	1	1.0056	7.5449756
350	131	1.1	0.9978	7.1919172
350	140	1.5	0.6506	6.4566604
350	148	1.8	0.9004	8.307654
350	157	2.1	0.8264	11.5529824
350	166	2	0.7182	6.8560564
350	17	1	0.5762	6.8064702
350	175	2	0.8914	5.1522824
350	26	1	0.6838	5.7622408
350	35	1	0.8088	5.0725502
350	43	1	0.5956	4.6648776
350	52	1	0.7254	3.5620962
350	61	1	0.6952	4.3365586
350	70	1	0.7138	4.2660566
350	78	1	0.7224	5.057754
350	8	1.1	0.6648	24.6376614
350	87	1	0.863	6.6384398
350	96	1	0.6028	6.5107566
360	108	1.7	0.7786	5.8106864
360	117	1.1	0.7434	7.7671456
360	126	1.7	1.0046	6.7254054
360	135	2	0.7044	8.833276
360	144	2	0.6546	7.4618676
360	153	2	0.8024	6.6776196
360	162	2	0.7556	11.576692
360	171	2	0.9366	5.7220738
360	18	1	1.011	6.6545808
360	180	2	0.8322	6.3407114
360	27	1	0.627	4.89721
360	36	1	0.6542	5.8468452
360	45	1	0.592	4.9624406
360	54	1	0.7228	4.5911348
360	63	1	0.7956	4.1788434
360	72	1	0.7314	5.7662374
360	81	1	0.864	5.1711912
360	9	1.1	0.5944	25.8386946
360	90	1.2	0.6984	7.523788
360	99	1	0.7882	6.7345952
370	101	1	0.722	6.4479116
370	111	1.4	0.6546	5.6739424
370	120	1.5	0.761	7.2393644
370	129	2	0.692	6.6582612
370	138	2	0.7194	5.0417376
370	148	2	0.817	6.943646
370	157	2	0.702	8.3502938
370	166	2	0.6746	9.7084434
370	175	2	0.6978	6.5117932
370	18	1	0.5858	8.800301
370	185	2.2	0.8362	6.2201548
370	27	1	0.766	6.8380242
370	37	1	0.6222	5.4311834
370	46	1	0.6552	6.7087578
370	55	1	0.6458	4.8034416
370	64	1	1.0322	5.5972074
370	74	1	0.706	7.2831354
370	83	1	0.6636	7.1745606
370	9	1.1	0.6872	27.0854872
370	92	1	0.734	6.974556
380	104	1.9	0.6712	6.6626832
380	114	2	0.67	5.6615708
380	123	2	0.7502	5.6235052
380	133	2	0.6944	6.7301572
380	142	2	0.861	6.6876368
380	152	2	0.8308	6.1536364
380	161	2	0.8708	10.8737758
380	171	2	0.7888	7.027362
380	180	2	0.717	5.3003108
380	19	1.2	0.618	8.1261428
380	190	2	0.7428	5.767154
380	28	1	0.7924	6.597953
380	38	1	0.7	8.3926124
380	47	1	0.6828	5.2036966
380	57	1	0.8684	4.6371564
380	66	1	0.6742	4.9568486
380	76	1.2	0.6288	4.6072248
380	85	1.2	0.6542	4.6634744
380	9	1.1	0.6372	29.678584
380	95	1.2	0.6268	4.0875566
390	107	2	0.8102	7.3906464
390	117	2	0.7958	7.3569316
390	126	2	0.7596	6.8615544
390	136	2	0.7402	5.9700952
390	146	2	0.7294	6.8756808
390	156	2	0.7866	6.0086096
390	165	2	0.7434	7.2416144
390	175	2	0.864	6.3406596
390	185	2	0.7852	4.9306372
390	19	1	0.6134	7.5948762
390	195	2	0.747	4.6298992
390	29	1	0.699	10.072588
390	39	1	0.6376	4.7789202
390	48	1	0.6628	5.3711466
390	58	1	0.6448	6.5671252
390	68	1.2	0.799	5.6209636
390	78	1.4	0.6702	3.6959142
390	87	1.4	0.766	8.771645
390	9	1.1	0.8302	30.0321496
390	97	1.9	0.8934	7.3876776
400	10	1.2	0.7816	33.1552838
400	100	2	1.3756	7.7925604
400	110	2	0.79	8.3478544
400	120	2	0.9226	8.0041296
400	130	2	0.733	8.4305716
400	140	2	0.7092	7.465038
400	150	2	0.7332	7.1932792
400	160	2	0.7902	12.3007164
400	170	2.2	0.8356	7.012922
400	180	2	0.7432	5.8664672
400	190	2	0.765	6.77465
400	20	1.3	1.0286	9.1119136
400	200	2	0.7822	4.9851148
400	30	1	1.0732	5.9966328
400	40	1.2	0.9904	5.691739
400	50	1.3	0.9518	4.129381
400	60	1.2	0.871	5.5896902
400	70	1.3	1.0444	5.4263198
400	80	1.7	1.0766	4.4551966
400	90	2	1.195	6.748093
410	10	1.1	0.6162	27.4465822
410	102	2	0.7532	8.5919216
410	112	2	0.7456	8.0923284
410	123	2	0.7292	9.4031012
410	133	2	0.7416	8.4901248
410	143	2	0.8204	7.7406108
410	153	2	0.7336	7.1961336
410	164	2	0.7568	12.2713288
410	174	2	0.7794	6.3906944
410	184	2	0.825	5.8782208
410	194	2	0.9504	4.6567468
410	20	1.2	0.68	8.3726492
410	205	2	0.7632	5.5636248
410	30	1	0.686	5.5881758
410	41	1.2	0.7064	4.838517
410	51	1.2	0.7648	4.9683112
410	61	1.9	0.7016	5.016238
410	71	2	0.6784	5.7064398
410	82	2	0.7164	6.986688
410	92	2	0.817	7.1542656
420	10	1.2	0.7322	26.0639442
420	105	2	0.8466	8.370242
420	115	2	0.7258	9.0862984
420	126	2	0.6968	7.7459876
420	136	2	0.7362	8.2742236
420	147	2	0.736	7.7206132
420	157	2	0.7674	9.4216776
420	168	2	0.969	12.9458832
420	178	2.4	0.7788	6.9695092
420	189	2	0.8058	10.4592676
420	199	2	0.9158	5.4824776
420	21	1.1	0.6922	5.8662992
420	210	2	0.7996	5.3841036
420	31	1	0.6752	5.8719298
420	42	1.3	0.7826	7.1618914
420	52	2	0.7782	5.4542524
420	63	2	0.997	6.1415904
420	73	2	1.3822	4.182054
420	84	2	0.7446	6.9148308
420	94	2	0.8984	8.2859354
430	10	1.3	0.6512	27.5001218
430	107	2	1.1854	8.5517514
430	118	2	0.8214	8.0424764
430	129	2	0.7852	9.0365866
430	139	2	1.4814	8.756629
430	150	2	0.863	7.655454
430	161	2	0.9326	13.1621056
430	172	2	0.993	172.720166
430	182	2	1.0502	5.595724
430	193	2	0.8628	5.1736368
430	204	2	0.9962	4.5754012
430	21	1.3	1.0998	8.3467606
430	215	2	0.7752	4.5267588
430	32	1.7	0.6578	7.6594688
430	43	1.9	0.6862	161.057394
430	53	2	0.78	4.9190754
430	64	2	0.7468	4.557513
430	75	2	0.8662	4.6297364
430	86	2	0.7792	5.1277128
430	96	2	0.9344	5.3781862
440	11	1.1	0.7018	26.5818848
440	110	2	0.825	8.1665662
440	121	2	0.8214	9.03301
440	132	2	0.7886	8.5866564
440	143	2	0.8762	8.086934
440	154	2.1	0.7732	6.6189264
440	165	2.3	0.8918	11.5938368
440	176	2	0.864	6.036462
440	187	2.2	0.8526	4.772564
440	198	2	0.833	5.2605176
440	209	2.2	1.3094	4.8770072
440	22	1.7	0.8276	7.2426382
440	220	2.2	1.2992	5.2333848
440	33	2	1.0156	5.9595186
440	44	2	0.715	5.3742314
440	55	2	0.8894	109.485329
440	66	2	0.7188	3.980508
440	77	2	0.9164	4.8593078
440	88	2	0.94	6.3167044
440	99	2	1.2632	6.2110984
450	101	2	0.7818	6.8959608
450	11	2	0.778	28.9050942
450	112	2	0.867	9.2660436
450	123	2	0.837	43.4493388
450	135	2	0.7944	7.2919118
450	146	2	0.8182	7.1477772
450	157	2	1.0606	5.447618
450	168	2	0.9162	12.2499202
450	180	2	0.8524	3.6234988
450	191	2	0.8032	4.1715648
450	202	2	1.1412	5.6561264
450	213	2	1.1382	6.6844432
450	22	2	0.771	7.6813432
450	225	2	0.7944	3.1764132
450	33	2	0.8214	7.0792796
450	45	2	0.7374	5.7331156
450	56	2	0.7802	4.5197178
450	67	2	0.7088	5.0104364
450	78	2	0.75	4.931204
450	90	2	0.7164	5.2631226
460	103	2	0.8388	7.03421
460	11	2	0.6826	31.2628518
460	115	2	0.8566	9.8074568
460	126	2	1.0372	11.2081372
460	138	2.3	1.0582	7.782101
460	149	2.1	0.9296	8.7758776
460	161	2	0.905	10.0814666
460	172	2	1.0202	12.6779294
460	184	2	0.8352	6.2810904
460	195	2	0.813	6.1923092
460	207	2	0.9454	5.4863392
460	218	2	0.9486	6.8504324
460	23	2	0.699	8.6252898
460	230	2	0.8198	7.3956956
460	34	2	0.8214	21.3546238
460	46	2	1.0964	5.6781954
460	57	2	0.9188	5.1301478
460	69	2	1.0012	5.9278104
460	80	2	0.8704	5.6410176
460	92	2	1.1244	5.7353958
470	105	2	0.9304	7.6675902
470	11	2	0.7822	34.3158744
470	117	2	0.9152	9.5011384
470	129	2	0.7896	6.8046656
470	141	2.2	1.0168	6.9211424
470	152	2	0.804	8.0488694
470	164	2	0.9226	14.224708
470	176	2	0.8564	6.025317
470	188	2	0.9136	5.7332272
470	199	2	0.9128	5.832804
470	211	2	1.1448	5.5031396
470	223	2.2	0.8704	8.4286108
470	23	2	0.9606	7.6239996
470	235	2.1	1.0892	6.3733596
470	35	2	0.976	9.3697884
470	47	2	1.0042	5.8431872
470	58	2	0.8552	6.7646256
470	70	2	0.9174	5.8472348
470	82	2	0.7592	4.959136
470	94	2	0.7842	5.215202
480	108	2.1	0.85	7.371065
480	12	2.1	0.8474	25.70637
480	120	2.4	0.9564	8.6080848
480	132	2.1	0.8552	9.0689878
480	144	2	0.8188	8.0745012
480	156	2	1.088	9.6677744
480	168	2	1.0754	13.502788
480	180	2	1.0102	8.1601048
480	192	2	0.8832	6.6085416
480	204	2	0.9058	5.434236
480	216	2	1.041	7.0811644
480	228	2.2	0.8766	6.830236
480	24	2	0.832	32.1013966
480	240	2.2	0.9366	5.0209084
480	36	2	0.8286	6.7503546
480	48	2	0.9652	5.6918954
480	60	2	0.7664	5.2493516
480	72	2	0.7956	4.973456
480	84	2	0.888	9.902819
480	96	2	0.9802	6.4277522
490	110	2	0.9962	7.8839146
490	12	2	0.9058	26.2913052
490	122	2.2	0.8696	9.9521652
490	134	2	0.9216	8.2799772
490	147	2	0.8488	87.643519
490	159	2	0.9816	6.685558
490	171	2	1.1416	11.564746
490	183	2	0.9386	5.2341688
490	196	2	0.8572	4.5279676
490	208	2	0.992	5.6651468
490	220	2	0.9068	71.1981546
490	232	2	0.8798	2.9868124
490	24	2	0.7788	7.1311978
490	245	2	0.899	2.8295376
490	36	2	0.7936	7.1409198
490	49	2	0.8332	5.7035114
490	61	2	0.8694	5.1884926
490	73	2	0.8076	7.4861406
490	85	2	1.0968	5.1178926
490	98	2	0.9438	4.5023754
500	100	2	0.8774	5.7913972
500	112	2	0.906	8.2316732
500	12	2	0.8042	27.850361
500	125	2	1.152	9.1221708
500	137	2	0.884	10.446492
500	150	2	0.866	10.7183268
500	162	2	0.9098	13.0346428
500	175	2	0.9538	9.7368516
500	187	2	1.0676	6.4441238
500	200	2	1.1046	8.1403584
500	212	2	1.1472	7.4517056
500	225	2	1.3844	8.1054596
500	237	2	1.056	32.1724248
500	25	2	0.8778	12.317438
500	250	2.4	0.919	17.2330104
500	37	2	0.7942	8.1199278
500	50	2	0.918	6.9605654
500	62	2.3	0.9078	5.055588
500	75	2.3	0.8224	8.2054282
500	87	2	0.8746	6.9523558
510	102	2	1.3836	6.9998936
510	114	2.2	1.1998	7.4132128
510	12	2	0.9738	33.280985
510	127	2	1.0418	8.1607242
510	140	2	0.9138	8.4273532
510	153	2	1.0778	8.46792
510	165	2	0.9962	11.208732
510	178	2	0.882	8.0004384
510	191	2	0.9114	8.0521044
510	204	2	0.8934	12.7439892
510	216	2	0.9292	6.356366
510	229	2.4	0.984	6.5142336
510	242	2.8	0.9582	6.6209424
510	25	2	0.8318	7.6071316
510	255	3.1	1.0164	5.592357
510	38	2	0.8398	6.8221722
510	51	2	0.842	5.9106162
510	63	2.2	0.9402	7.5597418
510	76	2	0.9404	5.4093992
510	89	2	0.8896	5.4977854
520	104	2.1	0.961	5.5022166
520	117	2.1	0.9526	8.8678026
520	13	2.1	0.8124	26.4424996
520	130	2	1.0306	151.979538
520	143	2.2	0.9606	7.4406496
520	156	2	0.8978	6.9576924
520	169	2	1.503	12.5217368
520	182	2	1.0688	9.37016
520	195	2	0.9566	6.1414288
520	208	2	0.9252	5.1484848
520	221	2.4	1.0304	4.2055372
520	234	2.5	1.0722	3.7243972
520	247	2.9	1.1026	3.6849672
520	26	2	0.925	7.0436816
520	260	2.9	0.9754	3.426318
520	39	2	0.8292	7.5978054
520	52	2	0.9196	6.4384194
520	65	2	0.863	5.0277554
520	78	2	0.876	5.1908094
520	91	2	1.2802	6.4866892
530	106	2	1.1538	7.8195406
530	119	2	0.9694	6.3944934
530	13	2.1	1.1106	27.8842798
530	132	2	0.8896	9.0309444
530	145	2.2	1.1356	7.2289172
530	159	2	1.0032	6.539275
530	172	2.3	1.0336	10.025026
530	185	2.1	0.915	5.5800116
530	198	3	0.9682	3.951396
530	212	2.4	1.0368	5.1750864
530	225	2.9	0.9808	3.7958816
530	238	3	1.0394	4.3015878
530	251	3	0.9938	4.9205808
530	26	2	0.8688	8.5703616
530	265	3	0.9914	3.7975834
530	39	2	1.449	7.8239048
530	53	2	0.8542	6.0220028
530	66	2	0.8986	5.1925282
530	79	2	1.026	4.8782438
530	92	2	0.9878	7.7000692
540	108	2	0.9836	7.6583498
540	121	2	1.1312	8.2917696
540	13	2.1	0.919	33.3123092
540	135	2	1.1252	6.8443962
540	148	2.1	1.1432	6.5797836
540	162	2.3	1.0254	4.6078522
540	175	2.2	1.014	10.4407838
540	189	2.6	1.0642	5.9276814
540	202	2.3	1.0244	2.9748538
540	216	3	1.493	5.1860776
540	229	3	1.0866	5.426004
540	243	3	1.2006	5.1521292
540	256	3	0.992	5.0035838
540	27	2	0.897	9.4555206
540	270	3	1.5954	5.376982
540	40	2	0.9162	7.3585564
540	54	2	0.8966	6.2136572
540	67	2	0.9504	6.3417862
540	81	2	0.9848	5.2870018
540	94	2	1.0742	7.3834632
550	110	2.2	0.9372	7.196269
550	123	2.6	1.152	7.7877154
550	13	2.1	1.002	30.7753132
550	137	2	0.994	7.6446198
550	151	2.1	0.973	7.5824468
550	165	3	0.9474	11.3979394
550	178	2.9	1.0182	7.3855522
550	192	2.9	1.2818	7.9710136
550	206	3	1.1224	8.540898
550	220	3	1.2644	7.394156
550	233	3	1.5158	7.340882
550	247	3	1.0814	6.2203552
550	261	3	1.3978	6.0760908
550	27	2	0.8534	7.8115348
550	275	3	1.1426	8.0294696
550	41	2	4.2844	9.7228552
550	55	2	0.9394	7.3982216
550	68	2	0.9424	5.3854876
550	82	2	0.8978	6.869954
550	96	2.2	0.9066	5.6851108
560	112	2	1.0176	7.634404
560	126	2.2	0.9496	7.0332368
560	14	2.1	1.0902	27.2964008
560	140	2	1.1596	10.2519072
560	154	2.4	1.3838	9.1845662
560	168	2.2	1.3448	13.1061704
560	182	2.9	1.1874	7.239796
560	196	3	1.2634	7.5400164
560	210	3	1.011	5.524965
560	224	3	1.0546	5.8596338
560	238	3	1.133	7.3738624
560	252	3	1.1398	9.2216684
560	266	3	1.2776	7.4626488
560	28	2	0.9866	7.9545742
560	280	3	1.3406	8.3868044
560	42	2	1.1524	9.3106392
560	56	2	1.132	5.9562366
560	70	2	0.9544	5.220118
560	84	2	1.103	6.1154496
560	98	2	1.1348	6.9748884
570	114	2	1.0482	6.4608946
570	128	2.2	1.1764	6.939191
570	14	2.2	0.8996	34.6029456
570	142	2	1.1986	4.9316142
570	156	2.8	1.0498	6.9484262
570	171	2.9	1.2174	15.0814832
570	185	3	1.2258	6.5945028
570	199	3	1.1752	6.4794064
570	213	3	1.0886	6.5272276
570	228	3	1.0988	6.2385176
570	242	3	1.041	6.0968344
570	256	3	1.0236	6.0201956
570	270	3	1.0788	6.1878652
570	28	2.1	1.0372	11.1058742
570	285	3	1.1284	5.4731
570	42	2	0.9562	7.3026482
570	57	2	1.0938	7.8632568
570	71	2	0.9468	6.8143378
570	85	2	1.278	6.4227214
570	99	2	0.9974	7.941018
580	101	2.1	1.2838	6.3579444
580	116	2.3	1.0312	7.0548244
580	130	2.4	0.9714	6.9433084
580	14	2.1	0.9066	27.0668212
580	145	2.5	1.1058	10.4631652
580	159	3	0.9458	8.1161744
580	174	3	0.9748	14.4785588
580	188	3	2.0306	7.389092
580	203	3.2	1.754	9.0011608
580	217	3	1.0376	9.8741372
580	232	3	1.121	8.089157
580	246	3	1.3786	8.6394144
580	261	3	1.0214	5.7899696
580	275	3	1.144	4.8850928
580	29	2	0.937	7.906621
580	290	3	1.4288	6.258206
580	43	2	1.1516	8.9013526
580	58	2	1.0578	6.7083152
580	72	2	1.0482	7.9257098
580	87	2	1.2006	6.2453844
590	103	2.2	1.725	5.757712
590	118	2.1	1.439	8.4879032
590	132	3	1.1532	6.9685308
590	14	2.1	0.921	27.8681754
590	147	3.2	2.997	8.9830762
590	162	3	1.4154	9.5127284
590	177	3	1.9328	12.1615122
590	191	3	1.512	7.277223
590	206	3	2.1164	6.9045412
590	221	3	1.6672	6.33585
590	236	3	1.2762	6.4453104
590	250	3	1.0826	7.0549232
590	265	3	1.3976	7.2605688
590	280	3	1.0838	7.0076772
590	29	2	1.8764	8.2219954
590	295	3	1.5324	6.3519666
590	44	2	1.2152	7.8376782
590	59	2	0.9654	7.4645978
590	73	2.1	0.988	5.770717
590	88	2.1	1.4002	7.4862034
600	105	2.6	1.2612	9.1985658
600	120	2.7	1.182	6.298878
600	135	3	1.069	7.4314482
600	15	2.1	1.1488	51.7772222
600	150	3	0.986	10.5662772
600	165	3	1.1216	11.075799
600	180	3	1.037	12.2386222
600	195	3	1.132	6.656003
600	210	3	1.169	8.2487404
600	225	3	1.7116	6.641268
600	240	3	1.2028	6.9648656
600	255	3	1.1814	8.0957896
600	270	3	1.6154	7.1219232
600	285	3.2	1.1802	5.1226148
600	30	2	1.0588	7.7680278
600	300	3	1.4186	7.471992
600	45	2.2	0.9412	9.1537586
600	60	2	0.9862	8.4621516
600	75	2	1.274	6.0814966
600	90	2.6	1.0468	5.5877556
610	106	2.7	1.0892	5.6766674
610	122	3	0.9886	6.0585818
610	137	3	1.1028	8.4132496
610	15	2.1	0.9428	28.9809936
610	152	3	1.2236	10.6156832
610	167	3	1.323	13.471131
610	183	3	1.5052	8.3701152
610	198	3	1.1362	8.1170992
610	213	3	1.0202	7.277446
610	228	3.1	1.0924	6.2009684
610	244	3.1	1.0606	6.5444444
610	259	3.1	1.0698	5.9455616
610	274	3.3	1.1756	5.6222354
610	289	3	1.1392	6.374234
610	30	2.4	1.0818	9.2417338
610	305	3	1.0642	7.6483576
610	45	2	0.9304	8.198086
610	61	2.2	1.0262	6.8964318
610	76	2.6	0.9842	5.6225578
610	91	2.6	0.998	5.1571996
620	108	3	0.9692	5.330126
620	124	3	1.0226	6.2108854
620	139	3	0.9982	7.2691054
620	15	2.1	1.0938	31.5623018
620	155	3	1.0036	5.6850308
620	170	3	1.0382	13.860576
620	186	3.2	1.2094	8.1958054
620	201	3	1.07	8.7416816
620	217	3	1.1684	6.7192724
620	232	3	1.0852	6.8341892
620	248	3	1.3586	8.04318
620	263	3	1.1302	7.2932932
620	279	3	1.5776	7.7952452
620	294	3	1.0784	8.6077472
620	31	2	1.3886	9.2764162
620	310	3	1.2266	9.9854852
620	46	2	1.1008	7.0453738
620	62	2	0.9662	7.3448244
620	77	2.5	1.0696	8.5316938
620	93	2.8	1.018	6.6046306
630	110	3	1.202	5.590771
630	126	3	1.0602	9.0411448
630	141	3.2	1.092	9.041261
630	15	2.1	1.0544	29.688681
630	157	3	1.2718	10.5192512
630	173	3	1.5418	14.6042716
630	189	3	1.165	6.3897858
630	204	3	1.0986	6.9762886
630	220	3.1	1.1256	7.3921536
630	236	3.1	1.2882	6.3454392
630	252	3	1.3096	6.5366864
630	267	3	1.1254	6.8897172
630	283	3	1.2878	6.02328
630	299	3	1.2346	7.0395496
630	31	2	1.025	8.8323298
630	315	3	1.1332	6.7455456
630	47	2.1	1.164	9.90753
630	63	2.4	1.2146	11.3581462
630	78	2.6	1.436	6.7798112
630	94	3	1.41	7.8519646
640	112	3	1.0396	5.1936944
640	128	3	1.0448	5.6727108
640	144	3	1.1858	7.2449752
640	16	2.1	1.144	36.5747624
640	160	3	1.1162	9.8781592
640	176	3	1.355	11.0984084
640	192	3	1.1014	6.3501844
640	208	3	1.2558	4.7553758
640	224	3	1.176	6.9822676
640	240	3	1.2992	6.4118328
640	256	3	1.3248	7.0467732
640	272	3	1.111	6.6532328
640	288	3	1.2986	6.4988968
640	304	3.4	1.1556	6.432972
640	32	2.2	1.265	9.0866348
640	320	3	1.4364	7.4039884
640	48	2.3	1.2304	7.540171
640	64	2.6	1.1294	6.1744966
640	80	3	1.0202	6.9208974
640	96	3	1.0684	6.3700248
650	113	3	1.0476	5.6492508
650	130	3	1.089	7.4800162
650	146	3	1.1848	8.9052484
650	16	2.1	1.0116	40.211514
650	162	3.1	1.393	10.0630688
650	178	3.1	1.0576	11.4671286
650	195	3	1.128	7.3744306
650	211	3	1.1892	8.0963864
650	227	3	1.1162	8.5291544
650	243	3	1.2304	6.1570522
650	260	3	1.4672	6.4704708
650	276	3	1.128	7.0261952
650	292	3	1.1852	5.4924396
650	308	3	1.2496	8.708476
650	32	2.2	1.2664	14.0421886
650	325	3	1.3652	6.307155
650	48	2.8	0.9814	9.6641516
650	65	2.9	1.04	10.4234158
650	81	3	1.1494	5.7391322
650	97	3	1.119	7.341665
660	115	3	1.1618	9.0765402
660	132	3	1.0834	5.7495024
660	148	3.4	1.3648	6.3122164
660	16	2.6	1.1744	30.6255428
660	165	3	1.4858	9.198642
660	181	3	1.2662	15.0257812
660	198	3	1.0864	7.8851148
660	214	3	1.131	7.4965312
660	231	3	1.1202	8.2485236
660	247	3	1.2894	7.163963
660	264	3	1.2206	8.2643668
660	280	3	1.152	8.4886288
660	297	3	1.224	7.5075964
660	313	3.5	1.1482	7.7669176
660	33	2.3	1.4142	8.6840606
660	330	3.7	1.393	8.6065776
660	49	2.9	1.1584	8.134255
660	66	3	1.3082	7.752982
660	82	3	1.3446	8.6500562
660	99	3	1.0486	8.093906
670	100	3	1.2424	6.7428338
670	117	3.2	1.1046	10.447832
670	134	3	1.335	7.1164048
670	150	3	1.7114	6.9868452
670	16	3	1.2276	29.6800258
670	167	3	1.3102	9.0346344
670	184	3	1.2008	7.4628926
670	201	3	1.2932	7.2038146
670	217	3	1.3618	8.0717028
670	234	3	1.6558	5.396437
670	251	3.2	1.5976	5.2672226
670	268	3	1.5376	7.469698
670	284	3.4	1.4386	6.1895098
670	301	3.6	1.4922	7.437016
670	318	3.2	1.9102	7.2736834
670	33	3.2	1.6688	11.1555958
670	335	3.2	2.0254	4.0973214
670	50	3	1.2182	9.9000382
670	67	3	1.2576	6.6678028
670	83	3	1.0566	7.6018626
680	102	3	1.3526	8.047866
680	119	3	1.282	6.6333324
680	136	3.2	1.3052	5.852865
680	153	3	1.1486	9.026925
680	17	3	1.251	33.0769756
680	170	3.2	1.1588	15.4765592
680	187	3	1.8412	9.3094912
680	204	3.2	1.1644	7.3864664
680	221	3	1.296	8.385316
680	238	3	1.1444	6.1175832
680	255	3.4	1.4006	5.6730872
680	272	3	1.1796	5.487748
680	289	3.2	1.3214	6.4521452
680	306	3	1.2104	5.775792
680	323	3.1	1.3504	7.0677516
680	34	3	1.2192	8.3820128
680	340	4	1.2502	6.2352308
680	51	3	1.2238	7.8579854
680	68	3	1.3762	6.6146718
680	85	3	1.3064	6.7085902
690	103	3	1.1362	6.791619
690	120	3.2	1.1744	6.3942202
690	138	3.2	1.1738	5.3008344
690	155	3	1.2534	8.2856552
690	17	3.1	1.4992	38.4558452
690	172	3	1.2698	12.9451344
690	189	3	1.5112	8.7642572
690	207	3	1.272	8.172473
690	224	3	1.3018	10.1129314
690	241	3	1.2102	9.0276288
690	258	3.6	1.2432	8.4501648
690	276	3.4	1.2428	7.9923914
690	293	3	1.1998	7.8372352
690	310	3.6	1.1924	9.5321396
690	327	3.6	1.2732	8.6848764
690	34	3	1.2442	8.7475372
690	345	3.9	1.366	7.215014
690	51	3	1.0326	7.2989776
690	69	3	1.1376	6.4196192
690	86	3	1.135	6.8649252
700	105	3	1.0994	7.2629226
700	122	3	1.248	5.7319132
700	140	3	1.2334	7.9447814
700	157	3	1.1224	8.8645144
700	17	3.1	1.155	67.8052638
700	175	3	1.2798	29.1859764
700	192	3	1.2198	7.4255638
700	210	3.2	1.5616	5.7893444
700	227	3	1.5118	6.5065702
700	245	3.2	1.1478	6.69832
700	262	3.1	1.374	6.9307528
700	280	3.5	1.3292	6.9283944
700	297	3.3	1.2798	7.59408
700	315	4	1.3594	8.2571632
700	332	4	1.237	6.002174
700	35	3	1.1816	8.8253582
700	350	4	1.5194	5.7057916
700	52	3	1.2998	7.4103452
700	70	3	1.1086	7.6946986
700	87	3	1.236	8.2006872
710	106	3	1.2598	6.2081436
710	124	3.1	1.2116	7.0654984
710	142	3.1	1.3424	7.2764386
710	159	3	1.6364	13.2544234
710	17	3.1	1.2388	29.3092892
710	177	3	1.5394	17.091116
710	195	3	1.2192	11.512994
710	213	3	1.1942	9.645994
710	230	3	1.2548	9.256928
710	248	3	1.4162	8.6003388
710	266	3.5	1.209	8.9132836
710	284	3.9	1.199	8.3826612
710	301	3.9	1.4608	6.8992732
710	319	4	1.382	7.8323076
710	337	4	1.3958	7.5729432
710	35	3	1.2918	9.1450934
710	355	4	1.7936	6.4447432
710	53	3	1.3754	8.465753
710	71	3	1.3658	6.614053
710	88	3	1.1324	6.3379366
720	108	3	1.2158	7.169985
720	126	3	1.2158	5.6003092
720	144	3	1.1618	6.1535684
720	162	3	1.1504	9.0907762
720	18	3.1	1.1924	30.1554192
720	180	3	1.1878	8.8611972
720	198	3	1.3868	8.906158
720	216	3.3	1.2072	7.8287878
720	234	3.3	1.2934	7.711852
720	252	3.5	1.4504	10.2556136
720	270	3.9	1.8648	9.4435104
720	288	3.9	1.2206	8.0701756
720	306	4	1.2772	8.6474332
720	324	4	1.4434	6.3837024
720	342	4	1.3316	5.8319624
720	36	3	1.0528	9.6780994
720	360	4	1.4124	6.4869556
720	54	3	1.2962	13.1355548
720	72	3.3	1.3342	7.7983422
720	90	3.1	1.2494	6.9203296
730	109	3	1.2172	7.40895
730	127	3	1.5342	6.5241788
730	146	3.2	1.2762	6.7710804
730	164	3	1.2954	6.8927282
730	18	3.1	1.161	30.9640772
730	182	3	1.1922	12.8130644
730	200	3	1.3228	8.3074192
730	219	3	1.214	7.0027334
730	237	3.6	1.5114	5.239421
730	255	3.4	1.3978	5.8687144
730	273	3.9	1.6506	5.6298458
730	292	4	1.2454	8.517152
730	310	4	1.231	9.3083792
730	328	4	1.4174	7.0181196
730	346	4	1.3	4.9331174
730	36	3	1.3016	9.4950344
730	365	4	1.3524	4.2953508
730	54	3	1.3444	9.7440106
730	73	3	1.3276	9.4073766
730	91	3	1.1984	6.2176716
740	111	3	1.2358	6.2191318
740	129	3	1.1802	6.3200532
740	148	3	1.2208	7.6024828
740	166	3	1.2988	8.136529
740	18	3.1	1.2374	38.831889
740	185	3	1.7862	15.0367518
740	203	3	1.2136	8.8748316
740	222	3.2	1.5578	8.8756756
740	240	3.4	1.2392	9.7997276
740	259	3.8	1.4326	9.0460172
740	277	3.9	1.4308	8.9688468
740	296	4	1.3008	8.7254304
740	314	4	1.267	8.556205
740	333	4	1.5388	11.5317498
740	351	4	1.4578	7.2842094
740	37	3	1.1572	10.5992836
740	370	4.2	1.6512	8.2869364
740	55	3.2	1.1862	16.8414178
740	74	3	1.141	7.5141656
740	92	3	1.1414	7.0232564
750	112	3	1.349	5.406756
750	131	3	1.4496	6.4807532
750	150	3	1.3946	7.6074608
750	168	3.2	1.255	10.2034134
750	18	3.1	1.4466	28.5828956
750	187	3	1.223	11.3876226
750	206	3.4	1.197	11.2291916
750	225	3.2	1.202	7.514331
750	243	3.7	1.6014	8.08277
750	262	4	1.292	8.1418258
750	281	4	1.4668	8.6320844
750	300	4	1.4898	7.6658996
750	318	4	1.5444	8.5902772
750	337	4	1.4426	6.647634
750	356	4	1.4496	5.0613644
750	37	3	1.4202	8.7965602
750	375	4	1.372	6.8451796
750	56	3	1.3614	10.3544288
750	75	3	1.439	7.1844628
750	93	3	1.2636	7.8629718
760	114	3	1.3588	6.075316
760	133	3	1.1778	6.4959872
760	152	3.4	1.343	6.4661334
760	171	3.2	1.4048	14.0202342
760	19	3.1	1.1244	33.3049226
760	190	3	1.2798	10.4543168
760	209	3.5	1.506	8.3833292
760	228	3.2	1.3514	6.6207194
760	247	4	1.3704	8.0863996
760	266	4	1.439	6.4770312
760	285	4	1.6528	6.9843684
760	304	4	1.9166	6.8716864
760	323	4.4	1.8174	7.2480796
760	342	4.6	1.5546	7.9430996
760	361	4	1.3972	5.879286
760	38	3	1.231	8.6698496
760	380	4	1.4914	5.4893336
760	57	3	1.2102	8.8279946
760	76	3	1.1476	8.1285214
760	95	3	1.2294	6.998715
770	115	3	1.2018	6.6741522
770	134	3	1.5216	5.8157384
770	154	3	1.3632	6.1587846
770	173	3.2	1.2416	13.6279268
770	19	3.1	1.1632	52.4218408
770	192	3.8	1.2342	9.194596
770	211	3.9	1.3042	7.7254058
770	231	4	1.2674	6.9606652
770	250	4	1.469	6.6598076
770	269	4.2	1.2974	7.946312
770	288	4.6	1.431	6.7625064
770	308	4	1.3588	5.7728962
770	327	4	1.8586	8.4416288
770	346	4	1.3172	6.6234812
770	365	4	1.532	5.5714112
770	38	3.2	1.3286	11.1663648
770	385	4	1.52	5.9761588
770	57	3	1.17	7.536445
770	77	3	1.4058	7.5942244
770	96	3	1.3826	7.1652376
780	117	3.1	1.3654	6.450858
780	136	3	1.4778	7.0764534
780	156	3.1	1.3742	5.9208238
780	175	3.8	1.3756	13.8559388
780	19	3.1	1.8132	31.001793
780	195	3.9	1.2872	10.4028788
780	214	3.9	1.305	9.6087012
780	234	4	1.3522	7.9869146
780	253	4	1.2636	7.6000994
780	273	4	1.4616	8.7945552
780	292	4	1.4722	8.6155692
780	312	4	1.3376	8.2138008
780	331	4	1.3592	7.9404056
780	351	4	1.7064	7.5763808
780	370	4	1.517	7.3025308
780	39	3.2	1.3832	12.0110772
780	390	4.2	1.405	6.8805572
780	58	3.2	1.9144	10.7970962
780	78	3	1.4496	6.833371
780	97	3.1	1.1996	6.7051952
790	118	3	1.3362	7.297467
790	138	3	1.3212	6.7595282
790	158	3.2	1.21	8.463704
790	177	3.3	1.9088	13.991015
790	19	3.3	1.49	31.2752788
790	197	4	1.3182	8.9993464
790	217	4	1.2974	7.9221628
790	237	4	2.195	9.3666176
790	256	4	1.6012	7.8301338
790	276	4	1.4462	7.6967516
790	296	4	1.767	9.607376
790	316	4	1.3998	7.4474088
790	335	4	2.1244	7.325452
790	355	4	1.845	7.2770396
790	375	4	1.5434	7.8567976
790	39	3	1.2052	12.9915132
790	395	4	1.6522	5.5411792
790	59	3	1.7836	8.707996
790	79	3	1.4878	7.7393742
790	98	3.2	1.4884	6.4410088
800	100	3	1.587	8.0612266
800	120	3.2	1.3236	9.9279114
800	140	3.5	1.3072	11.4053346
800	160	3.6	1.4464	7.0497626
800	180	4	1.2914	13.9140126
800	20	3.1	1.48	30.225452
800	200	4	1.3304	10.7291048
800	220	4	1.2634	10.4745844
800	240	4	1.7956	115.3211976
800	260	4	1.7588	6.9822904
800	280	4.1	1.618	29.5555862
800	300	4.2	1.573	2.7269738
800	320	4.1	1.5956	4.5702406
800	340	4	1.7192	4.8233884
800	360	4	1.7384	5.2248416
800	380	4	1.637	5.3461256
800	40	3	1.2	10.5418716
800	400	4	1.6682	5.2225124
800	60	3	1.2556	8.6300262
800	80	3.2	1.435	9.2771144
810	101	3	1.2578	9.0574912
810	121	3.1	1.4342	7.6069346
810	141	3.6	1.3546	7.0933326
810	162	3.9	1.2964	9.7092178
810	182	3.9	1.4062	13.6793902
810	20	3.1	1.41	29.7793152
810	202	4	1.4314	6.5757036
810	222	4	1.3012	5.5070938
810	243	4	1.7778	5.522998
810	263	4.2	1.4654	5.5719042
810	283	4.2	1.562	6.176994
810	303	4	1.6336	6.1958452
810	324	4	1.584	5.6718198
810	344	4	1.8454	5.8347828
810	364	4	1.8268	4.9719574
810	384	4.2	1.5362	5.0653064
810	40	3	1.4676	10.3387266
810	405	4	2.1912	4.3985056
810	60	3.2	1.5006	9.4450988
810	81	3	1.506	8.5105068
820	102	3.2	1.5806	8.6867328
820	123	3.6	2.1236	8.930881
820	143	3.9	1.7942	6.8064376
820	164	4	1.6738	6.6996492
820	184	4	1.9188	14.2062292
820	20	3.4	1.5942	35.0709914
820	205	4	1.5836	10.3891732
820	225	4	2.0282	8.0858196
820	246	4	1.3662	9.3997624
820	266	4	2.1714	8.2731502
820	287	4	2.1616	9.2753588
820	307	4	1.4036	9.78723
820	328	4	2.3214	9.7517424
820	348	4	1.5432	8.9568336
820	369	4	1.5766	6.7246508
820	389	4.4	2.6	5.5073952
820	41	3.1	1.2164	9.0797596
820	410	4	3.279	7.0505628
820	61	3	1.247	7.8468716
820	82	3.4	1.7572	7.637378
830	103	3.3	2.1584	8.4154996
830	124	3.8	2.3112	8.0150926
830	145	4	1.9078	7.2944734
830	166	4	1.5838	6.7311176
830	186	4	2.2316	8.7073168
830	20	3.1	2.0018	30.7463848
830	207	4	2.7574	8.724694
830	228	4	1.7438	7.5433904
830	249	4	2.2268	5.204501
830	269	4	2.045	8.0490924
830	290	4	2.5798	8.0563448
830	311	4	2.0664	6.616501
830	332	4	2.3284	7.369914
830	352	4	2.6488	9.0293152
830	373	4.6	2.4948	8.4104184
830	394	4.4	2.0468	6.3742852
830	41	3	2.7242	10.1031044
830	415	4.1	2.252	6.8531504
830	62	3	2.3248	8.686573
830	83	3	1.8408	7.214932
840	105	4	2.347	7.72376
840	126	4	1.8258	8.1130924
840	147	4	2.2046	7.3668306
840	168	4	1.5624	6.3307066
840	189	4	1.7458	10.8244638
840	21	3.7	1.8034	32.1683606
840	210	4	2.2276	9.3075732
840	231	4	2.0146	10.0539048
840	252	4.2	2.0356	8.4403602
840	273	4	1.9878	6.5881772
840	294	4	1.8868	9.1553284
840	315	4	2.5146	7.4850704
840	336	4	2.1218	8.120748
840	357	4.2	2.2224	8.367196
840	378	4	2.0034	6.5043684
840	399	4.1	2.4618	6.8869412
840	42	3.5	2.1388	10.6700678
840	420	4.5	2.097	7.6028352
840	63	3.6	1.511	8.7757948
840	84	3.7	2.6584	12.5505446
850	106	4	1.8598	8.774841
850	127	4	2.0354	6.862363
850	148	4	1.9012	6.4628134
850	170	4	1.9986	16.6129908
850	191	4	1.889	9.8159006
850	21	3.1	1.7622	42.7474906
850	212	4.2	2.0178	11.2461776
850	233	4.2	1.9936	7.1493166
850	255	4	2.5036	9.902384
850	276	4	2.7696	7.4816154
850	297	4	2.044	9.6555772
850	318	4.2	2.0408	9.6989264
850	340	4.2	1.9026	7.9063668
850	361	4	2.706	6.1967892
850	382	4.1	2.2112	7.7865884
850	403	4.4	3.1724	6.4759224
850	42	3	1.5626	10.8314346
850	425	4.9	2.8056	6.3634604
850	63	3.2	2.22	8.4735054
850	85	3.5	1.973	6.914607
860	107	4	1.7058	7.3353822
860	129	4	2.2082	6.3507896
860	150	4	1.7206	7.891611
860	172	4	1.7976	8.7955582
860	193	4	1.9882	5.7614888
860	21	3.1	1.6736	31.8408472
860	215	4	1.9266	7.253321
860	236	4	2.3478	6.629675
860	258	4	1.9738	5.7402234
860	279	4	2.363	7.1277752
860	301	4	1.5704	7.5767664
860	322	4.6	2.4648	7.0257024
860	344	4	1.9306	6.9486132
860	365	4	1.7778	7.7734044
860	387	4.7	2.4182	8.1356352
860	408	4.8	2.6512	6.989124
860	43	3.4	2.029	10.4191688
860	430	5	2.3654	5.5888132
860	64	3.2	2.5088	9.026661
860	86	3.7	2.474	8.1070252
870	108	4	1.9542	7.8268696
870	130	4	1.4572	7.0232692
870	152	4	1.7946	9.2355508
870	174	4	2.0414	14.6331694
870	195	4	2.1714	10.0086834
870	21	3.4	1.6106	35.2033454
870	217	4	2.2936	8.2334016
870	239	4	1.6154	5.599344
870	261	4.2	1.66	8.401524
870	282	4	1.5554	9.8200148
870	304	4	1.8338	8.5829896
870	326	4.4	1.989	8.637928
870	348	4.4	1.873	9.2154368
870	369	4.3	1.922	7.1584552
870	391	5	1.6394	8.6957748
870	413	5.4	2.2868	7.8625324
870	43	3.9	1.8234	11.645801
870	435	5	1.5706	8.9160784
870	65	3.8	1.5978	10.2436978
870	87	4	1.6936	9.3021516
880	110	4.2	2.3482	8.1212318
880	132	4	1.627	7.3296412
880	154	4	2.4366	6.3568638
880	176	4	1.664	7.900532
880	198	4	1.7632	9.4190774
880	22	3.3	1.8482	33.0538792
880	220	4	2.0292	6.997223
880	242	4	1.8186	6.9608826
880	264	4	1.5616	7.9204002
880	286	4	2.0886	6.7009704
880	308	4	2.0308	7.6255036
880	330	4	2.5296	8.0997568
880	352	4.6	2.2652	7.5804848
880	374	4.9	1.9258	7.9383656
880	396	4.8	2.4248	5.8872374
880	418	5	2.1324	5.372943
880	44	4	1.998	10.9079566
880	440	5	2.0072	5.4545806
880	66	4	2.119	9.3730756
880	88	4	1.627	10.0383186
890	111	4	1.824	8.1214014
890	133	4	1.457	6.9829442
890	155	4	1.5714	10.7569322
890	178	4	1.7498	8.8575718
890	200	4	1.986	7.1741684
890	22	3.4	1.8394	34.8076634
890	222	4.2	1.6874	9.9852928
890	244	4	1.8098	6.8876584
890	267	4	2.0868	7.0755036
890	289	4.3	1.6492	5.6461312
890	311	4.1	2.1918	9.636006
890	333	4.2	1.981	7.8266632
890	356	4.5	1.7996	9.9247512
890	378	5	2.5038	7.9298098
890	400	5	2.5826	6.8205452
890	422	5	1.8296	8.8626452
890	44	3.9	2.005	11.6937268
890	445	5	2.2406	5.839296
890	66	4	1.8372	9.4314492
890	89	4.2	1.5538	8.1696584
900	112	4	1.4788	8.0838486
900	135	4	1.7216	6.887553
900	157	4	1.6292	5.7429728
900	180	4.4	1.5558	10.1195636
900	202	4	1.6108	8.6586886
900	22	4	1.9408	32.1445398
900	225	4	1.616	11.6748688
900	247	4	1.757	9.995238
900	270	4	2.2962	9.9328504
900	292	4	2.0302	8.4109554
900	315	4	2.2378	10.5667784
900	337	4.9	2.7062	8.646978
900	360	4.7	2.6586	6.9538836
900	382	5.1	2.1912	6.533264
900	405	5.2	2.2798	7.0585116
900	427	5	1.75	7.1643576
900	45	3.9	1.9028	10.804314
900	450	5	2.4558	9.306242
900	67	4	2.1812	8.4056378
900	90	4	1.6854	9.7457102
910	113	4	1.7386	10.486189
910	136	4.2	1.7702	7.9681934
910	159	4	2.076	7.4609392
910	182	4	1.7726	13.9357072
910	204	4.2	2.1078	8.4739856
910	22	3.9	1.9242	31.9328224
910	227	4	1.8968	8.0157196
910	250	4.4	2.1804	6.756317
910	273	4	2.6304	9.568289
910	295	4	2.3478	7.9609282
910	318	4.7	2.087	7.618518
910	341	5	2.0566	8.0571776
910	364	5	2.2748	9.629796
910	386	5	2.0248	7.71196
910	409	5	1.8728	6.1243232
910	432	5	2.2132	6.5544904
910	45	4	2.0756	10.8153538
910	455	5	2.2628	7.0434568
910	68	4	1.8664	8.307463
910	91	4	1.8766	9.5353126
920	115	4	2.122	10.6876816
920	138	4.2	2.1242	9.1098732
920	161	4	2.133	8.6732134
920	184	4	1.6322	10.7299912
920	207	4	2.063	7.2121706
920	23	4.1	1.8548	32.1069432
920	230	4	1.7698	7.0219922
920	253	4.4	1.9426	6.4927678
920	276	4.4	2.1074	6.8986884
920	299	4.5	1.6518	7.6938878
920	322	4.8	2.1094	10.9511032
920	345	5	1.9854	6.17352
920	368	5	2.264	4.4213838
920	391	5	1.968	6.7851924
920	414	5.1	2.1172	6.2958344
920	437	5.1	2.1244	5.8986264
920	46	4	1.8662	11.4327384
920	460	5.1	1.9804	6.2002792
920	69	4	2.385	8.4328182
920	92	4	1.8622	8.7566542
930	116	4	1.5694	8.420503
930	139	4	2.004	8.5490698
930	162	4	2.3648	7.6537422
930	186	4	2.601	13.4109538
930	209	4	2.1884	11.7661038
930	23	4.2	1.572	32.0257674
930	232	4	2.321	13.5625288
930	255	4	2.102	11.1447708
930	279	4.5	2.0706	8.2875656
930	302	4.2	2.682	9.7683416
930	325	5	2.142	8.46487
930	348	5	1.8172	8.9036712
930	372	5	2.2994	8.3853172
930	395	5.2	2.4372	7.25808
930	418	5.2	1.6464	7.397192
930	441	5	2.1918	7.5251064
930	46	4	1.4264	11.3067622
930	465	5.2	2.3784	6.7614784
930	69	4	1.5528	8.8904182
930	93	4	1.7598	9.4594048
940	117	4	1.6656	7.5828108
940	141	4	1.8874	7.5876936
940	164	4	2.25	6.3185682
940	188	4.2	2.0808	8.9397996
940	211	4	2.1522	9.053507
940	23	4.1	1.4474	45.7561482
940	235	4.2	2.217	8.5379296
940	258	4	1.8064	6.8753306
940	282	4.2	2.0822	9.1549928
940	305	4.9	2.0062	6.480178
940	329	5	2.236	8.4583998
940	352	5	2.0718	8.9782452
940	376	5	2.3768	7.9078764
940	399	5	2.4164	6.7356744
940	423	5	2.473	4.392492
940	446	5	1.8998	4.7391582
940	47	4	1.64	10.4549494
940	470	5.4	1.9478	4.448268
940	70	4	2.3446	8.440132
940	94	4	2.0118	9.5827992
950	118	4	1.7896	8.154451
950	142	4	2.4522	6.8675382
950	166	4	1.9668	6.7147992
950	190	4.2	2.182	12.0483778
950	213	4	1.7444	8.9641348
950	23	4.1	1.9354	40.0234846
950	237	4.2	1.9442	8.718124
950	261	4.4	2.1714	8.1831812
950	285	4.9	2.0722	8.0927012
950	308	5	1.7662	8.8160828
950	332	5	1.8838	7.3978992
950	356	5	1.9232	6.9941456
950	380	5	1.845	7.8151632
950	403	5	1.924	6.974274
950	427	5	2.4054	6.9258904
950	451	5.2	2.9498	5.4492592
950	47	4	2.4122	38.702843
950	475	5	2.2826	7.5194504
950	71	4	2.4066	10.9719158
950	95	4	2.032	8.338202
960	120	4.1	2.3058	10.0497896
960	144	4.1	1.8594	7.1551864
960	168	4.4	2.0644	6.9127716
960	192	4	2.3474	8.5652846
960	216	4	2.052	5.047732
960	24	4.1	1.861	35.5166086
960	240	4	2.1996	8.1892838
960	264	4.9	2.156	10.3779268
960	288	5	2.0082	6.8890246
960	312	5	2.4664	7.4339044
960	336	5	2.5328	6.671792
960	360	5	2.0034	6.8681684
960	384	5	2.224	6.9599608
960	408	5.2	2.0882	3.7988682
960	432	5	2.4116	4.026737
960	456	5	2.1078	3.9188688
960	48	4	2.0502	16.6986898
960	480	5	1.7912	4.9521624
960	72	4.2	1.9674	10.387349
960	96	4	1.8368	12.1259248
970	121	4.3	1.9088	10.7361972
970	145	4.5	1.8754	7.8131686
970	169	4	2.3526	9.8524938
970	194	4	1.9018	10.3816078
970	218	4	1.8888	7.7126396
970	24	4.1	1.7128	34.323358
970	242	4.4	2.1802	11.6416996
970	266	4.7	2.1316	11.1467456
970	291	5	2.1168	8.2426046
970	315	5	1.6482	8.8994348
970	339	5	1.9078	9.3042844
970	363	5	2.1438	8.1959272
970	388	5	1.8586	9.417124
970	412	5	2.0934	8.3734568
970	436	5	1.9812	9.2223616
970	460	5.2	1.702	11.9661352
970	48	4	1.5494	10.8786546
970	485	5	2.0576	8.4812336
970	72	4	1.6882	8.7460872
970	97	4	1.798	8.158518
980	122	4.2	1.7228	7.9070482
980	147	4	1.7484	8.644907
980	171	4	2.3162	7.8278808
980	196	4.4	1.8396	7.6668456
980	220	4.5	1.7428	8.6925452
980	24	4.1	1.4944	32.8253536
980	245	4.8	1.818	7.9507468
980	269	5	2.0044	7.7950248
980	294	5	2.507	9.4018336
980	318	5	2.0588	7.5451442
980	343	5	2.9296	7.9343696
980	367	5	2.3552	8.8874556
980	392	5	2.1026	6.2798244
980	416	5	2.252	6.6046432
980	441	5	1.8106	5.6872822
980	465	5	2.1934	4.2477776
980	49	4	1.6074	10.3892536
980	490	5.1	2.6754	8.0572336
980	73	4	1.556	12.7210158
980	98	4	1.8694	8.3009606
990	123	4	2.3738	7.714367
990	148	4	1.748	8.9313254
990	173	4	2.1544	10.302506
990	198	4.6	2.179	9.3222568
990	222	4.7	2.3496	9.6647898
990	24	4.2	2.002	34.2524428
990	247	5	2.3442	10.8130516
990	272	5.2	1.909	9.2432996
990	297	5	2.4238	8.8328228
990	321	5	2.0676	9.1586456
990	346	5	2.1708	7.8233808
990	371	5	1.9346	6.8611886
990	396	5	1.839	7.1172788
990	420	5	2.4708	7.616336
990	445	5	2.3674	8.6368644
990	470	5	2.3778	4.9860686
990	49	4	1.5622	10.6375956
990	495	5.2	1.9634	9.394359
990	74	4	1.7468	9.7759464
990	99	4	2.513	8.0209234
1000	100	4	2.0524	8.3132746
1000	125	4.2	2.1966	8.6182576
1000	150	4	2.9192	8.9319326
1000	175	4.2	2.044	12.6754496
1000	200	4.3	2.6348	9.0312348
1000	225	5	2.4046	10.8119344
1000	25	4.1	2.0908	52.681339
1000	250	5	2.3824	12.136098
1000	275	5	2.2458	11.4448848
1000	300	5	2.9012	10.605112
1000	325	5.2	1.9306	10.1350952
1000	350	5.2	2.2198	10.0155756
1000	375	5.2	2.1854	8.1378572
1000	400	5.3	2.4664	7.7647752
1000	425	5.3	3.1548	7.3328308
1000	450	5	2.0282	7.84536
1000	475	5.3	3.4106	7.0605108
1000	50	4	1.6788	12.8939316
1000	500	5.7	2.4194	6.7296752
1000	75	4.2	2.368	11.4820654
